<?xml version="1.0"?>
<opencv_storage>
<centroids>
  <_>
    3.35275536e+01 2.45378265e+01</_>
  <_>
    2.60296822e+01 1.05502136e+02</_>
  <_>
    3.53353424e+01 7.28357773e+01</_>
  <_>
    2.97723217e+01 5.42151527e+01</_>
  <_>
    2.26442108e+01 6.14478226e+01</_>
  <_>
    5.75429459e+01 8.63426514e+01</_>
  <_>
    5.08537292e+00 1.76546021e+01</_>
  <_>
    3.69595146e+01 4.59560928e+01</_>
  <_>
    5.01812325e+01 6.60353775e+01</_>
  <_>
    5.54541969e+00 8.13207092e+01</_>
  <_>
    5.88762970e+01 2.80552940e+01</_>
  <_>
    5.69704971e+01 1.08590942e+02</_>
  <_>
    5.30387926e+00 1.03817627e+02</_>
  <_>
    4.90614777e+01 6.56956100e+00</_>
  <_>
    1.49675379e+01 3.33105087e+01</_>
  <_>
    3.14571648e+01 5.43883276e+00</_>
  <_>
    4.85409498e+00 6.38231773e+01</_>
  <_>
    1.50036860e+01 6.79253616e+01</_>
  <_>
    4.34207773e+00 3.74315567e+01</_>
  <_>
    2.35026608e+01 7.20633841e+00</_>
  <_>
    3.68450813e+01 9.57137070e+01</_>
  <_>
    1.63097668e+01 9.77589951e+01</_>
  <_>
    5.81284447e+01 6.18669052e+01</_>
  <_>
    4.50087128e+01 1.18654190e+02</_>
  <_>
    2.02783699e+01 1.19859200e+02</_>
  <_>
    2.02960663e+01 5.27636032e+01</_>
  <_>
    5.09609947e+01 3.35628319e+01</_>
  <_>
    5.78319473e+01 5.49237709e+01</_>
  <_>
    5.14870300e+01 4.29700546e+01</_>
  <_>
    1.46366959e+01 4.88620424e+00</_>
  <_>
    4.53815880e+01 7.32120590e+01</_>
  <_>
    3.71145859e+01 8.36050262e+01</_>
  <_>
    1.48415337e+01 2.38797646e+01</_>
  <_>
    1.67732430e+01 8.69019165e+01</_>
  <_>
    5.80470314e+01 6.23656178e+00</_>
  <_>
    2.51244888e+01 7.02975998e+01</_>
  <_>
    3.93567085e+01 5.47433662e+01</_>
  <_>
    4.68912735e+01 9.15567703e+01</_>
  <_>
    1.46276178e+01 1.42946119e+01</_>
  <_>
    4.02620316e+01 6.26567841e+00</_>
  <_>
    1.19957895e+01 5.01707458e+01</_>
  <_>
    4.24899387e+00 4.70558548e+01</_>
  <_>
    4.13696709e+01 6.39503250e+01</_>
  <_>
    5.84114647e+00 9.16666260e+01</_>
  <_>
    3.25274582e+01 1.19903618e+02</_>
  <_>
    5.80525169e+01 4.77906609e+01</_>
  <_>
    5.74582596e+01 1.66766319e+01</_>
  <_>
    1.89395905e+01 4.38677864e+01</_>
  <_>
    4.50382462e+01 1.64506149e+01</_>
  <_>
    3.44609299e+01 3.58705635e+01</_>
  <_>
    5.04871559e+01 2.37257423e+01</_>
  <_>
    1.57148571e+01 7.71211243e+01</_>
  <_>
    2.66320534e+01 8.05783157e+01</_>
  <_>
    1.11725435e+01 4.13793030e+01</_>
  <_>
    2.78941250e+01 4.58116455e+01</_>
  <_>
    3.24648170e+01 6.28055878e+01</_>
  <_>
    5.72451820e+01 9.68283463e+01</_>
  <_>
    2.45021687e+01 1.79644833e+01</_>
  <_>
    5.07426119e+00 6.83900690e+00</_>
  <_>
    4.66156244e+00 5.55701942e+01</_>
  <_>
    4.77044601e+01 8.15755463e+01</_>
  <_>
    1.33159962e+01 5.94237137e+01</_>
  <_>
    6.49518156e+00 1.19165817e+02</_>
  <_>
    2.43925781e+01 2.84830265e+01</_>
  <_>
    4.70212135e+01 1.03706146e+02</_>
  <_>
    5.82367325e+01 6.92955246e+01</_>
  <_>
    4.31786270e+01 3.91227837e+01</_>
  <_>
    5.89017677e+01 3.87405777e+01</_>
  <_>
    3.46785545e+01 1.48325977e+01</_>
  <_>
    2.70379276e+01 9.20460587e+01</_>
  <_>
    1.48231993e+01 1.09272034e+02</_>
  <_>
    5.66897240e+01 1.20550812e+02</_>
  <_>
    5.07336187e+00 2.76936054e+01</_>
  <_>
    3.69068909e+01 1.07849884e+02</_>
  <_>
    4.88891907e+01 5.71329536e+01</_>
  <_>
    2.51097679e+01 3.74425278e+01</_>
  <_>
    4.66699982e+01 4.87819633e+01</_>
  <_>
    5.70102196e+01 7.69001617e+01</_>
  <_>
    4.21308022e+01 2.80488892e+01</_>
  <_>
    5.65316200e+00 7.21995087e+01</_></centroids>
</opencv_storage>
