<?xml version="1.0"?>
<opencv_storage>
<centroids>
  <_>
    4.48408241e+01 5.12070704e+00</_>
  <_>
    1.56337967e+01 7.33746185e+01</_>
  <_>
    2.58349171e+01 1.12473976e+02</_>
  <_>
    5.75974960e+01 6.70415573e+01</_>
  <_>
    2.39427891e+01 4.41557503e+01</_>
  <_>
    4.87825928e+01 1.05044090e+02</_>
  <_>
    3.01030102e+01 2.21279945e+01</_>
  <_>
    5.75679855e+01 2.72829151e+01</_>
  <_>
    2.37915707e+01 8.94455032e+01</_>
  <_>
    1.22816830e+01 1.94283867e+01</_>
  <_>
    5.01133823e+00 3.66977081e+01</_>
  <_>
    3.83099670e+01 6.43456192e+01</_>
  <_>
    4.59435616e+01 1.22754112e+02</_>
  <_>
    4.27361832e+01 4.36686325e+01</_>
  <_>
    4.93694954e+01 1.40099506e+01</_>
  <_>
    4.70335340e+00 6.52199173e+01</_>
  <_>
    4.16064453e+01 8.81580353e+01</_>
  <_>
    5.58449650e+00 7.47019196e+01</_>
  <_>
    5.89501095e+00 1.13056122e+02</_>
  <_>
    2.33077927e+01 4.78501511e+00</_>
  <_>
    3.57985344e+01 1.07676697e+02</_>
  <_>
    5.17102385e+00 9.38913422e+01</_>
  <_>
    1.12782364e+01 5.51645393e+01</_>
  <_>
    5.79121819e+01 5.74138794e+01</_>
  <_>
    5.83768845e+01 1.65422363e+01</_>
  <_>
    2.10308456e+01 2.47708435e+01</_>
  <_>
    3.58713913e+01 3.66747894e+01</_>
  <_>
    2.57417698e+01 1.22399406e+02</_>
  <_>
    4.75993958e+01 2.40264664e+01</_>
  <_>
    5.87356262e+01 4.75453377e+01</_>
  <_>
    5.82851906e+01 7.68010406e+01</_>
  <_>
    1.58833132e+01 1.20107262e+02</_>
  <_>
    5.02943115e+01 9.34813461e+01</_>
  <_>
    5.71671867e+01 1.21685364e+02</_>
  <_>
    3.23219910e+01 7.23548203e+01</_>
  <_>
    2.48014412e+01 6.54411774e+01</_>
  <_>
    4.64349127e+00 4.74389458e+00</_>
  <_>
    5.63274479e+00 1.22253647e+02</_>
  <_>
    5.69367142e+01 5.23349237e+00</_>
  <_>
    4.75131950e+01 3.48247032e+01</_>
  <_>
    4.77611780e+00 4.59366608e+01</_>
  <_>
    4.79724197e+01 7.06028290e+01</_>
  <_>
    3.93496780e+01 1.57489214e+01</_>
  <_>
    1.64818287e+01 3.66584282e+01</_>
  <_>
    4.71463776e+00 1.47068758e+01</_>
  <_>
    3.42629738e+01 4.86427879e+00</_>
  <_>
    5.75655174e+01 3.77362900e+01</_>
  <_>
    3.56659470e+01 1.20061348e+02</_>
  <_>
    4.02986641e+01 5.38208618e+01</_>
  <_>
    3.26729088e+01 8.39766312e+01</_>
  <_>
    4.14859867e+00 2.59626522e+01</_>
  <_>
    3.80049095e+01 2.71098785e+01</_>
  <_>
    5.00677032e+01 8.17536240e+01</_>
  <_>
    1.50562620e+01 9.55661850e+01</_>
  <_>
    1.46455793e+01 8.38589249e+01</_>
  <_>
    5.82485962e+01 1.00073875e+02</_>
  <_>
    2.66248646e+01 3.32467155e+01</_>
  <_>
    1.43596449e+01 6.44137497e+01</_>
  <_>
    3.00595417e+01 5.63839874e+01</_>
  <_>
    5.49588728e+00 1.03426041e+02</_>
  <_>
    2.49612141e+01 1.01411430e+02</_>
  <_>
    4.15530891e+01 9.89781876e+01</_>
  <_>
    4.08010330e+01 7.70005264e+01</_>
  <_>
    2.96210022e+01 1.28255892e+01</_>
  <_>
    2.01397705e+01 1.45605030e+01</_>
  <_>
    1.23366661e+01 2.92941341e+01</_>
  <_>
    4.58231964e+01 1.14029060e+02</_>
  <_>
    5.02394371e+01 4.82375145e+01</_>
  <_>
    5.85473976e+01 8.83114777e+01</_>
  <_>
    1.41868992e+01 4.57327805e+01</_>
  <_>
    3.27340317e+01 9.51044540e+01</_>
  <_>
    3.27188606e+01 4.64362679e+01</_>
  <_>
    2.41221619e+01 7.78255463e+01</_>
  <_>
    5.76356773e+01 1.11175690e+02</_>
  <_>
    4.99546528e+00 8.45771561e+01</_>
  <_>
    2.04206104e+01 5.48339462e+01</_>
  <_>
    3.81497049e+00 5.54894409e+01</_>
  <_>
    1.35216103e+01 6.10857439e+00</_>
  <_>
    4.83207092e+01 5.99230957e+01</_>
  <_>
    1.58590794e+01 1.07582214e+02</_></centroids>
</opencv_storage>
