<?xml version="1.0"?>
<opencv_storage>
<centroids>
  <_>
    1.34631081e+01 2.51279106e+01 7. 0. -1. -1.</_>
  <_>
    1.50360260e+01 8.15632248e+01 6.99999952e+00 0. -9.99999940e-01
    -9.99999940e-01</_>
  <_>
    3.14168110e+01 9.13748169e+01 7. 0. -1. -1.</_>
  <_>
    5.52076302e+01 4.23636932e+01 7. 0. -1. -1.</_>
  <_>
    1.73058929e+01 1.53508291e+01 7. 0. -1. -1.</_>
  <_>
    3.37753067e+01 7.30099869e+01 7.00000048e+00 0. -1. -1.</_>
  <_>
    5.61541328e+01 1.09759064e+02 7. 0. -1. -1.</_>
  <_>
    7.38127089e+00 1.19940392e+02 7.00000048e+00 0. -1. -1.</_>
  <_>
    4.87006226e+01 1.53186617e+01 7. 0. -1. -1.</_>
  <_>
    1.63336582e+01 4.75568085e+01 7. 0. -1. -1.</_>
  <_>
    2.87784004e+01 3.07003078e+01 6.99999952e+00 0. -9.99999940e-01
    -9.99999940e-01</_>
  <_>
    3.11114655e+01 1.19665543e+02 7. 0. -1. -1.</_>
  <_>
    5.72026215e+01 8.74371796e+01 7.00000048e+00 0. -1. -1.</_>
  <_>
    4.41725922e+01 2.36142826e+01 7. 0. -1. -1.</_>
  <_>
    3.27076569e+01 5.53241539e+01 7.00000048e+00 0. -1. -1.</_>
  <_>
    5.07385101e+01 6.77218323e+01 6.99999952e+00 0. -9.99999940e-01
    -9.99999940e-01</_>
  <_>
    4.60003815e+01 1.13085724e+02 7.00000048e+00 0. -1. -1.</_>
  <_>
    7.13406372e+00 1.62198467e+01 7. 0. -1. -1.</_>
  <_>
    6.58805847e+00 8.74549484e+01 7. 0. -1. -1.</_>
  <_>
    6.06545782e+00 6.34961205e+01 7. 0. -1. -1.</_>
  <_>
    1.57832413e+01 1.03530838e+02 6.99999952e+00 0. -9.99999940e-01
    -9.99999940e-01</_>
  <_>
    4.41962051e+01 4.05637283e+01 7. 0. -1. -1.</_>
  <_>
    3.94399147e+01 8.51278610e+01 7. 0. -1. -1.</_>
  <_>
    1.32935696e+01 5.69112320e+01 7. 0. -9.99999940e-01 -9.99999940e-01</_>
  <_>
    4.43543129e+01 6.67323065e+00 7. 0. -1. -1.</_>
  <_>
    5.70269508e+01 3.31970749e+01 7.00000048e+00 0. -1. -1.</_>
  <_>
    5.48981667e+01 1.20030159e+02 6.99999952e+00 0. -9.99999940e-01
    -9.99999940e-01</_>
  <_>
    2.53611546e+01 6.61881733e+00 7. 0. -1. -1.</_>
  <_>
    4.63363190e+01 1.03404770e+02 7. 0. -1. -1.</_>
  <_>
    6.20038748e+00 3.52020988e+01 6.99999952e+00 0. -9.99999940e-01
    -9.99999940e-01</_>
  <_>
    6.37639093e+00 9.80125275e+01 7. 0. -1. -1.</_>
  <_>
    2.94526768e+01 8.12624588e+01 7. 0. -1. -1.</_>
  <_>
    3.28723564e+01 3.91590805e+01 7. 0. -1. -1.</_>
  <_>
    2.49891644e+01 1.10837524e+02 6.99999952e+00 0. -9.99999940e-01
    -9.99999940e-01</_>
  <_>
    6.10759306e+00 5.36681633e+01 7. 0. -1. -1.</_>
  <_>
    6.74504089e+00 6.82129145e+00 7. 0. -1. -1.</_>
  <_>
    2.60901718e+01 1.00101952e+02 7.00000048e+00 0. -1. -1.</_>
  <_>
    5.62465668e+01 5.16936455e+01 7. 0. -1. -1.</_>
  <_>
    3.55719528e+01 1.08930229e+02 7. 0. -1. -1.</_>
  <_>
    4.75802155e+01 9.19719696e+01 7. 0. -1. -1.</_>
  <_>
    6.38904810e+00 1.08916672e+02 7. 0. -1. -1.</_>
  <_>
    3.34890900e+01 2.28790798e+01 7. 0. -1. -1.</_>
  <_>
    3.86503334e+01 1.54841061e+01 7. 0. -9.99999940e-01 -9.99999940e-01</_>
  <_>
    9.78683662e+00 7.12370758e+01 7. 0. -1. -1.</_>
  <_>
    1.49652166e+01 1.13262062e+02 7. 0. -1. -1.</_>
  <_>
    5.06701431e+01 8.16974411e+01 7. 0. -1. -1.</_>
  <_>
    2.24829865e+01 8.80740738e+01 7. 0. -1. -1.</_>
  <_>
    4.61341972e+01 5.84839058e+01 7. 0. -1. -1.</_>
  <_>
    1.53014221e+01 9.34601135e+01 6.99999952e+00 0. -9.99999940e-01
    -9.99999940e-01</_>
  <_>
    3.49018517e+01 6.78246546e+00 7. 0. -1. -1.</_>
  <_>
    4.19843445e+01 1.20424210e+02 7. 0. -1. -1.</_>
  <_>
    2.17014694e+01 7.44761124e+01 7. 0. -1. -1.</_>
  <_>
    1.59048605e+01 6.61347389e+00 6.99999952e+00 0. -9.99999940e-01
    -9.99999940e-01</_>
  <_>
    4.23192825e+01 6.76247787e+01 7. 0. -1. -1.</_>
  <_>
    2.32791634e+01 2.24600048e+01 7. 0. -1. -1.</_>
  <_>
    5.51951256e+01 6.34884977e+00 7. 0. -1. -1.</_>
  <_>
    5.69738007e+01 7.39679413e+01 6.99999952e+00 0. -9.99999940e-01
    -9.99999940e-01</_>
  <_>
    2.22506027e+01 5.62147636e+01 7. 0. -1. -1.</_>
  <_>
    2.65584736e+01 4.75919075e+01 7. 0. -1. -1.</_>
  <_>
    5.68215981e+01 6.14464073e+01 7. 0. -1. -1.</_>
  <_>
    4.39008179e+01 7.61701736e+01 7. 0. -1. -1.</_>
  <_>
    1.39147196e+01 3.81328773e+01 7. 0. -1. -1.</_>
  <_>
    1.69028969e+01 6.55023727e+01 7.00000048e+00 0. -1. -1.</_>
  <_>
    4.83802071e+01 3.23701935e+01 7. 0. -1. -1.</_>
  <_>
    5.52514992e+01 2.41518574e+01 7. 0. -1. -1.</_>
  <_>
    2.67041492e+01 6.51734161e+01 7.00000048e+00 0. -1. -1.</_>
  <_>
    3.86896782e+01 3.14021587e+01 7. 0. -1. -1.</_>
  <_>
    3.81267700e+01 9.78153381e+01 7. 0. -1. -1.</_>
  <_>
    2.29872589e+01 3.93469543e+01 7. 0. -1. -1.</_>
  <_>
    5.61808510e+01 9.89151306e+01 7. 0. -1. -1.</_>
  <_>
    2.82303276e+01 1.49958057e+01 7.00000048e+00 0. -1. -1.</_>
  <_>
    5.68241549e+00 2.57103329e+01 6.99999952e+00 0. -9.99999940e-01
    -9.99999940e-01</_>
  <_>
    5.74895058e+01 1.52859383e+01 7. 0. -1. -1.</_>
  <_>
    5.88130856e+00 7.77219849e+01 7. 0. -1. -1.</_>
  <_>
    1.96356983e+01 3.09709320e+01 7. 0. -1. -1.</_>
  <_>
    3.64002991e+01 6.23873672e+01 7. 0. -1. -1.</_>
  <_>
    3.71410446e+01 4.76898537e+01 7. 0. -9.99999940e-01 -9.99999940e-01</_>
  <_>
    1.98357334e+01 1.20680336e+02 7.00000048e+00 0. -1. -1.</_>
  <_>
    6.59869576e+00 4.50579720e+01 7. 0. -1. -1.</_>
  <_>
    4.63628807e+01 4.99457893e+01 7. 0. -1. -1.</_></centroids>
</opencv_storage>
