<?xml version="1.0"?>
<opencv_storage>
<centroids>
  <_>
    6.45920610e+00 9.10028687e+01 7. 0. -1. -1.</_>
  <_>
    1.44965897e+01 5.04008293e+01 7. 0. -9.99999940e-01 -9.99999940e-01</_>
  <_>
    4.03173485e+01 5.12906075e+01 7. 0. -1. -1.</_>
  <_>
    4.48810425e+01 9.83292160e+01 7. 0. -9.99999940e-01 -9.99999940e-01</_>
  <_>
    7.21729851e+00 2.86347332e+01 7. 0. -1. -1.</_>
  <_>
    3.90441360e+01 7.88727570e+00 7. 0. -1. -1.</_>
  <_>
    3.99487610e+01 7.63150482e+01 7. 0. -1. -1.</_>
  <_>
    4.99033089e+01 4.01519432e+01 7. 0. -1. -1.</_>
  <_>
    6.39434242e+00 5.42907333e+01 7. 0. -1. -1.</_>
  <_>
    2.14709167e+01 7.01971436e+01 6.99999952e+00 0. -9.99999940e-01
    -9.99999940e-01</_>
  <_>
    1.45516014e+01 1.31713238e+01 7.00000048e+00 0. -1. -1.</_>
  <_>
    5.65563126e+01 7.31664324e+00 7. 0. -1. -1.</_>
  <_>
    1.93767052e+01 1.07189331e+02 7. 0. -1. -1.</_>
  <_>
    5.74104843e+01 6.03203125e+01 6.99999952e+00 0. -9.99999940e-01
    -9.99999940e-01</_>
  <_>
    1.70884171e+01 3.60098152e+01 7. 0. -1. -1.</_>
  <_>
    2.48455086e+01 1.65917912e+01 7. 0. -1. -1.</_>
  <_>
    5.63993568e+01 8.40764999e+01 7. 0. -1. -1.</_>
  <_>
    3.36224556e+01 8.26316299e+01 7. 0. -1. -1.</_>
  <_>
    2.46084061e+01 8.74194336e+01 7. 0. -1. -1.</_>
  <_>
    5.68091736e+01 3.50464554e+01 7. 0. -1. -1.</_>
  <_>
    3.09201450e+01 5.04859657e+01 6.99999952e+00 0. -9.99999940e-01
    -9.99999940e-01</_>
  <_>
    2.95853233e+01 5.79870644e+01 7. 0. -1. -1.</_>
  <_>
    2.24988232e+01 7.86536713e+01 7. 0. -1. -1.</_>
  <_>
    5.40245247e+01 1.18677071e+02 7. 0. -1. -1.</_>
  <_>
    6.02411413e+00 7.96029358e+01 7. 0. -1. -1.</_>
  <_>
    4.70552101e+01 3.10184345e+01 7. 0. -1. -1.</_>
  <_>
    4.74362335e+01 7.03076935e+01 7.00000048e+00 0. -1. -1.</_>
  <_>
    3.39147148e+01 4.30505867e+01 7. 0. -1. -1.</_>
  <_>
    2.36810474e+01 1.18288994e+02 7. 0. -1. -1.</_>
  <_>
    1.95904942e+01 6.63099766e+00 7. 0. -1. -1.</_>
  <_>
    1.36763325e+01 4.29001541e+01 7. 0. -1. -1.</_>
  <_>
    4.84160004e+01 5.62915230e+01 7. 0. -1. -1.</_>
  <_>
    5.56943665e+01 1.05358894e+02 7. 0. -1. -1.</_>
  <_>
    2.21081314e+01 6.25683022e+01 7. 0. -1. -1.</_>
  <_>
    1.44940071e+01 8.43826675e+01 7. 0. -1. -1.</_>
  <_>
    5.82267332e+00 6.97130127e+01 7. 0. -1. -1.</_>
  <_>
    4.53535271e+01 2.03653641e+01 7. 0. -1. -1.</_>
  <_>
    4.47024918e+01 1.10308586e+02 7. 0. -9.99999940e-01 -9.99999940e-01</_>
  <_>
    4.77024612e+01 8.49844265e+00 7. 0. -9.99999940e-01 -9.99999940e-01</_>
  <_>
    5.71921158e+01 4.43609467e+01 6.99999952e+00 0. -9.99999940e-01
    -9.99999940e-01</_>
  <_>
    4.19712105e+01 4.15818062e+01 7.00000048e+00 0. -1. -1.</_>
  <_>
    3.32011871e+01 1.06161736e+02 7. 0. -1. -1.</_>
  <_>
    2.92953548e+01 2.57395325e+01 7. 0. -1. -1.</_>
  <_>
    3.75487938e+01 1.19160072e+02 7. 0. -1. -1.</_>
  <_>
    5.71842079e+01 6.82003403e+01 7. 0. -1. -1.</_>
  <_>
    4.46641159e+01 8.70073471e+01 7. 0. -1. -1.</_>
  <_>
    1.57768602e+01 9.54191971e+01 7. 0. -1. -1.</_>
  <_>
    3.00047798e+01 6.53801041e+01 7. 0. -1. -1.</_>
  <_>
    6.21495581e+00 3.78779259e+01 7.00000048e+00 0. -1. -1.</_>
  <_>
    8.96947098e+00 1.17854950e+02 7. 0. -1. -1.</_>
  <_>
    5.84907484e+00 4.66707039e+01 7. 0. -1. -1.</_>
  <_>
    2.30058784e+01 4.50645256e+01 7.00000048e+00 0. -1. -1.</_>
  <_>
    2.64106655e+01 9.70623856e+01 7. 0. -1. -1.</_>
  <_>
    7.34056711e+00 7.19316673e+00 7. 0. -1. -1.</_>
  <_>
    2.97012405e+01 7.42329597e+00 7. 0. -1. -1.</_>
  <_>
    1.51062260e+01 2.20994358e+01 7. 0. -1. -1.</_>
  <_>
    5.63731537e+01 7.53263779e+01 6.99999952e+00 0. -9.99999940e-01
    -9.99999940e-01</_>
  <_>
    5.53143082e+01 9.36605682e+01 7. 0. -1. -1.</_>
  <_>
    2.02524815e+01 2.83631153e+01 7. 0. -1. -1.</_>
  <_>
    5.11121407e+01 6.35893974e+01 6.99999952e+00 0. -9.99999940e-01
    -9.99999940e-01</_>
  <_>
    4.36362801e+01 6.25183754e+01 7. 0. -1. -1.</_>
  <_>
    3.58446732e+01 1.80982533e+01 7. 0. -1. -1.</_>
  <_>
    5.67873192e+01 5.25618248e+01 7. 0. -1. -1.</_>
  <_>
    5.60218887e+01 2.60113392e+01 7.00000048e+00 0. -1. -1.</_>
  <_>
    2.25020618e+01 5.39735451e+01 7. 0. -1. -1.</_>
  <_>
    1.34141369e+01 6.55153885e+01 7. 0. -1. -1.</_>
  <_>
    7.07954121e+00 1.04091286e+02 7.00000048e+00 0. -1. -1.</_>
  <_>
    3.79209557e+01 6.79000473e+01 7.00000048e+00 0. -1. -1.</_>
  <_>
    3.57116699e+01 9.26309052e+01 7. 0. -1. -1.</_>
  <_>
    1.36086006e+01 7.42242661e+01 7. 0. -1. -1.</_>
  <_>
    3.03938675e+01 7.36457825e+01 7. 0. -1. -1.</_>
  <_>
    5.56430244e+01 1.69339886e+01 7. 0. -1. -1.</_>
  <_>
    4.86328697e+01 4.83938942e+01 7. 0. -1. -1.</_>
  <_>
    3.76856117e+01 3.11702728e+01 6.99999952e+00 0. -9.99999940e-01
    -9.99999940e-01</_>
  <_>
    5.76330137e+00 6.15919762e+01 6.99999952e+00 0. -9.99999940e-01
    -9.99999940e-01</_>
  <_>
    2.75752087e+01 3.64568672e+01 7. 0. -1. -1.</_>
  <_>
    6.18364716e+00 1.81773415e+01 7. 0. -1. -1.</_>
  <_>
    1.46238194e+01 5.83789825e+01 6.99999952e+00 0. -9.99999940e-01
    -9.99999940e-01</_>
  <_>
    3.71027031e+01 5.87785835e+01 7. 0. -1. -1.</_>
  <_>
    4.84006577e+01 7.88380966e+01 7. 0. -1. -1.</_></centroids>
</opencv_storage>
