<?xml version="1.0"?>
<opencv_storage>
<centroids>
  <_>
    2.15738049e+01 6.80325546e+01 1.51098385e+01 3.40537477e+00
    3.69794774e+00 -9.99999940e-01</_>
  <_>
    3.98668251e+01 4.94091301e+01 1.59137354e+01 3.65579200e+00
    3.39147878e+00 -1.</_>
  <_>
    2.08284512e+01 3.63619881e+01 1.52504473e+01 3.46179056e+00
    3.75641441e+00 -1.</_>
  <_>
    5.04133835e+01 1.14355667e+02 8.02206898e+00 5.45620441e-01
    3.55803299e+00 -1.</_>
  <_>
    4.32759514e+01 1.30214062e+01 8.33664799e+00 7.12842703e-01
    3.24352145e+00 -1.</_>
  <_>
    2.05666542e+01 1.05901161e+02 1.18560438e+01 2.14160085e+00
    3.58346772e+00 -1.</_>
  <_>
    4.23508263e+01 6.17276535e+01 1.49372120e+01 3.35916495e+00
    3.33368063e+00 -1.</_>
  <_>
    5.15808525e+01 7.97728424e+01 8.01886940e+00 5.48584700e-01
    3.36880469e+00 -1.</_>
  <_>
    1.95478096e+01 7.32845230e+01 9.10710526e+00 1.04195189e+00
    3.47823739e+00 -1.</_>
  <_>
    1.23840399e+01 1.23491001e+01 8.04813385e+00 5.65661907e-01
    3.51554894e+00 -1.</_>
  <_>
    5.29310799e+01 3.37612305e+01 7.60642958e+00 3.39603573e-01
    3.47687697e+00 -1.</_>
  <_>
    1.26092062e+01 9.13722076e+01 8.38141346e+00 7.21125424e-01
    3.70814276e+00 -1.</_>
  <_>
    2.73236408e+01 6.50187759e+01 8.41354561e+00 7.33359993e-01
    3.61126757e+00 -1.</_>
  <_>
    4.73564568e+01 4.70886497e+01 9.99567413e+00 1.46900713e+00
    3.50568604e+00 -1.</_>
  <_>
    1.13168383e+01 3.97218971e+01 8.10612488e+00 5.97126603e-01
    4.04760599e+00 -1.</_>
  <_>
    2.55299473e+01 1.13863167e+02 8.39433384e+00 7.11508274e-01
    3.65087795e+00 -9.99999940e-01</_>
  <_>
    3.22134018e+01 9.16572495e+01 9.79790592e+00 1.29538369e+00
    3.51695943e+00 -9.99999940e-01</_>
  <_>
    3.81945877e+01 3.41644249e+01 8.20779228e+00 6.44726276e-01
    3.81370664e+00 -1.</_>
  <_>
    3.16317272e+01 5.94034920e+01 1.45410395e+01 3.22551394e+00
    3.54336452e+00 -1.</_>
  <_>
    4.65383759e+01 7.24155045e+01 1.02159176e+01 1.55785954e+00
    3.43411517e+00 -1.</_>
  <_>
    2.88206444e+01 3.51214333e+01 8.82254028e+00 9.12799418e-01
    3.78573680e+00 -1.</_>
  <_>
    2.59567699e+01 5.71786652e+01 8.19863224e+00 6.41543150e-01
    3.55114198e+00 -1.</_>
  <_>
    1.21227198e+01 3.13970375e+01 8.29238319e+00 6.85152650e-01
    3.90823126e+00 -1.</_>
  <_>
    5.15844574e+01 1.29180384e+01 8.12211704e+00 5.99565923e-01
    3.13354540e+00 -1.</_>
  <_>
    1.83476028e+01 1.75287704e+01 1.05110369e+01 1.68458056e+00
    3.49801421e+00 -1.</_>
  <_>
    3.17266579e+01 2.73166428e+01 9.38661003e+00 1.14369428e+00
    3.76309991e+00 -1.</_>
  <_>
    5.12809792e+01 9.06717606e+01 8.11469078e+00 5.94627619e-01
    3.35965586e+00 -1.</_>
  <_>
    2.12689381e+01 8.32520981e+01 1.53479643e+01 3.48988008e+00
    3.69281077e+00 -1.</_>
  <_>
    1.65726261e+01 5.29178467e+01 9.01075745e+00 1.02577996e+00
    3.57031393e+00 -1.</_>
  <_>
    4.26480026e+01 1.06087440e+02 1.16081285e+01 2.04403996e+00
    3.44700265e+00 -1.</_>
  <_>
    4.37761841e+01 6.36178703e+01 8.25109768e+00 6.67925954e-01
    3.55414081e+00 -1.</_>
  <_>
    2.34518547e+01 4.93672638e+01 8.27165604e+00 6.78583503e-01
    3.67774653e+00 -1.</_>
  <_>
    2.50032654e+01 4.24674034e+01 8.48925114e+00 7.74657309e-01
    3.74077964e+00 -1.</_>
  <_>
    3.95359917e+01 4.96153984e+01 8.27570343e+00 6.79368019e-01
    3.60328889e+00 -1.</_>
  <_>
    2.24481373e+01 8.39768524e+01 8.24586868e+00 6.62627399e-01
    3.54256034e+00 -1.</_>
  <_>
    1.86241570e+01 6.24099121e+01 8.95279694e+00 9.82066631e-01
    3.51431322e+00 -1.</_>
  <_>
    3.84687119e+01 7.36989365e+01 1.59326458e+01 3.66143703e+00
    3.37976027e+00 -1.</_>
  <_>
    3.04185410e+01 1.94055309e+01 1.16849413e+01 2.10864377e+00
    3.37232971e+00 -1.</_>
  <_>
    1.12039471e+01 5.72855644e+01 8.06588078e+00 5.74644387e-01
    3.72861981e+00 -1.</_>
  <_>
    5.28633423e+01 5.16397667e+01 7.57989883e+00 3.27052921e-01
    3.36538625e+00 -1.</_>
  <_>
    4.09949608e+01 4.22967567e+01 8.42278576e+00 7.34841585e-01
    3.78655148e+00 -1.</_>
  <_>
    4.01188889e+01 2.34693623e+01 8.13177776e+00 6.02789164e-01
    3.74776936e+00 -1.</_>
  <_>
    3.15650463e+01 1.02002998e+02 9.91682625e+00 1.34193540e+00
    3.48910809e+00 -1.</_>
  <_>
    4.29169540e+01 8.49672546e+01 1.10036049e+01 1.80959713e+00
    3.46557331e+00 -1.</_>
  <_>
    3.32693291e+01 4.25699768e+01 8.59767723e+00 8.21105063e-01
    3.82260799e+00 -1.</_>
  <_>
    2.15523262e+01 9.51111298e+01 1.03448305e+01 1.52246773e+00
    3.63384867e+00 -1.</_>
  <_>
    5.13773041e+01 1.02089622e+02 7.98611736e+00 5.27343750e-01
    3.41021681e+00 -1.</_>
  <_>
    5.22858925e+01 6.86215973e+01 7.92063332e+00 4.97297287e-01
    3.28984308e+00 -1.</_>
  <_>
    2.19483089e+01 2.63810730e+01 8.16819000e+00 6.24871969e-01
    3.75512600e+00 -1.</_>
  <_>
    1.23369293e+01 8.18503113e+01 8.25928020e+00 6.71058953e-01
    3.58337927e+00 -1.</_>
  <_>
    2.47177982e+01 1.22240057e+01 8.05733871e+00 5.69058418e-01
    3.38309407e+00 -1.</_>
  <_>
    3.47098846e+01 1.26642704e+01 8.18682575e+00 6.33217990e-01
    3.33694625e+00 -1.</_>
  <_>
    4.23879700e+01 2.06205120e+01 1.48388195e+01 3.32650638e+00
    2.90724373e+00 -1.</_>
  <_>
    4.72050934e+01 3.86140099e+01 9.83234310e+00 1.38867056e+00
    3.60939956e+00 -1.</_>
  <_>
    1.63819733e+01 4.44326668e+01 8.90056324e+00 9.75211501e-01
    3.75901318e+00 -1.</_>
  <_>
    5.28648605e+01 4.34776802e+01 7.54108381e+00 3.07747811e-01
    3.47311783e+00 -1.</_>
  <_>
    2.09627838e+01 5.67920685e+01 1.50073795e+01 3.37710667e+00
    3.67774534e+00 -1.</_>
  <_>
    3.54054985e+01 6.69420319e+01 8.78242111e+00 9.02000427e-01
    3.61857557e+00 -1.</_>
  <_>
    4.63279648e+01 3.00135098e+01 9.56759453e+00 1.26336670e+00
    3.62221837e+00 -9.99999940e-01</_>
  <_>
    2.85469818e+01 7.41101379e+01 9.08880997e+00 1.02501142e+00
    3.49319887e+00 -1.</_>
  <_>
    5.14887695e+01 2.31773071e+01 8.09864140e+00 5.89355052e-01
    3.46022320e+00 -1.</_>
  <_>
    3.71771812e+01 1.13860664e+02 8.38686085e+00 7.06166863e-01
    3.61273623e+00 -1.</_>
  <_>
    3.91319504e+01 7.55118332e+01 8.13470936e+00 6.06587172e-01
    3.51132894e+00 -1.</_>
  <_>
    3.26552582e+01 8.26471024e+01 9.34685898e+00 1.12283015e+00
    3.53727126e+00 -1.</_>
  <_>
    1.29503059e+01 1.14235619e+02 8.06594181e+00 5.69002151e-01
    3.70475125e+00 -1.</_>
  <_>
    1.08762503e+01 4.81681099e+01 7.90501833e+00 4.94649380e-01
    4.01533794e+00 -1.</_>
  <_>
    3.86232681e+01 3.57734108e+01 1.59742079e+01 3.67359686e+00
    3.35945153e+00 -1.</_>
  <_>
    4.22786179e+01 9.53014526e+01 1.03200903e+01 1.51007044e+00
    3.53164244e+00 -1.</_>
  <_>
    3.14883633e+01 5.01763573e+01 8.30549145e+00 6.95178807e-01
    3.62029076e+00 -9.99999940e-01</_>
  <_>
    1.16750917e+01 7.30095978e+01 8.21957970e+00 6.51463568e-01
    3.59864116e+00 -1.</_>
  <_>
    2.98980560e+01 4.76465454e+01 1.49098282e+01 3.34765935e+00
    3.61047173e+00 -1.</_>
  <_>
    1.17012672e+01 6.50619125e+01 8.27066803e+00 6.76705062e-01
    3.61784196e+00 -1.</_>
  <_>
    4.61745224e+01 5.49515190e+01 9.69406223e+00 1.32480121e+00
    3.48145866e+00 -1.</_>
  <_>
    5.18851891e+01 6.05068512e+01 8.09668159e+00 5.88763714e-01
    3.30466080e+00 -1.</_>
  <_>
    3.64204521e+01 5.79766960e+01 8.29710102e+00 6.87459946e-01
    3.59606504e+00 -1.</_>
  <_>
    1.22720490e+01 1.02175926e+02 8.05924320e+00 5.66778183e-01
    3.58676434e+00 -1.</_>
  <_>
    2.14615707e+01 2.42561626e+01 1.58167105e+01 3.62751770e+00
    3.50973940e+00 -1.</_>
  <_>
    1.17968960e+01 2.30667114e+01 8.13842583e+00 6.10659063e-01
    3.94708371e+00 -1.</_>
  <_>
    1.95154343e+01 3.57633476e+01 8.21511459e+00 6.47837222e-01
