<?xml version="1.0"?>
<opencv_storage>
<centroids>
  <_>
    1.76564426e+01 3.96235771e+01 1.01228561e+01 1.51623440e+00
    3.29032993e+00 -1.</_>
  <_>
    2.97430458e+01 9.72795029e+01 8.96280479e+00 9.93180871e-01
    3.19396996e+00 -1.</_>
  <_>
    4.64037361e+01 6.51890259e+01 1.03375158e+01 1.61426783e+00
    3.32351160e+00 -1.</_>
  <_>
    1.74998608e+01 2.81445522e+01 1.00281429e+01 1.47576153e+00
    3.26416326e+00 -1.</_>
  <_>
    4.00654755e+01 1.17146091e+01 8.21162987e+00 6.52714014e-01
    2.87181973e+00 -1.</_>
  <_>
    2.04813080e+01 7.90604858e+01 1.47835302e+01 3.29249644e+00
    3.27893996e+00 -1.</_>
  <_>
    5.25727692e+01 3.00647755e+01 7.77403879e+00 4.28305835e-01
    3.14663458e+00 -1.</_>
  <_>
    5.05208282e+01 1.02956627e+02 8.51589203e+00 7.87648797e-01
    3.32491517e+00 -1.</_>
  <_>
    3.74695892e+01 4.87350273e+01 8.36375904e+00 7.27002323e-01
    3.34035254e+00 -1.</_>
  <_>
    1.22817602e+01 1.15253319e+02 8.14632130e+00 6.17442608e-01
    3.73878908e+00 -1.</_>
  <_>
    2.78021183e+01 1.07484077e+02 9.72603226e+00 1.32611895e+00
    3.33037591e+00 -9.99999940e-01</_>
  <_>
    3.93820992e+01 8.09365692e+01 1.60371037e+01 3.68998933e+00
    3.26821160e+00 -1.</_>
  <_>
    1.21941099e+01 7.38677979e+01 8.35900211e+00 7.25929856e-01
    3.28323030e+00 -1.</_>
  <_>
    1.19469185e+01 1.21892223e+01 8.18750858e+00 6.40080988e-01
    3.05291986e+00 -1.</_>
  <_>
    2.07244854e+01 6.02460709e+01 8.44672394e+00 7.69230783e-01
    3.45171833e+00 -1.</_>
  <_>
    5.20751152e+01 4.96899147e+01 8.04038239e+00 5.64343154e-01
    3.12713337e+00 -1.</_>
  <_>
    3.96826019e+01 2.69022274e+01 8.37756634e+00 7.29698658e-01
    3.04115582e+00 -1.</_>
  <_>
    4.48990402e+01 8.59719543e+01 9.75138664e+00 1.34700012e+00
    3.26527047e+00 -1.</_>
  <_>
    1.16939898e+01 4.48952370e+01 8.30145264e+00 6.97826087e-01
    3.29903412e+00 -1.</_>
  <_>
    3.85588264e+01 1.03353241e+02 8.36313057e+00 7.26560831e-01
    3.26633573e+00 -1.</_>
  <_>
    1.19827280e+01 9.31579666e+01 8.33909321e+00 7.15331137e-01
    3.32869768e+00 -1.</_>
  <_>
    3.08479061e+01 2.00410175e+01 1.43789625e+01 3.17875481e+00
    2.82669234e+00 -1.</_>
  <_>
    3.05887508e+01 1.20613642e+01 8.39374542e+00 7.45085299e-01
    2.81022263e+00 -1.</_>
  <_>
    2.49581165e+01 3.40289040e+01 8.30489635e+00 6.96695268e-01
    3.28152084e+00 -1.</_>
  <_>
    2.87810574e+01 7.37306595e+01 9.94332314e+00 1.38071835e+00
    3.24243188e+00 -1.</_>
  <_>
    4.54982147e+01 1.73792992e+01 1.08168249e+01 1.82919455e+00
    3.02896237e+00 -1.</_>
  <_>
    3.83213043e+01 5.95673637e+01 8.38147640e+00 7.36713350e-01
    3.33294940e+00 -1.</_>
  <_>
    2.35091667e+01 1.02752701e+02 1.64699631e+01 3.81775308e+00
    3.52545452e+00 -1.</_>
  <_>
    5.22547874e+01 7.06302795e+01 7.93534231e+00 5.11222422e-01
    3.29288340e+00 -1.</_>
  <_>
    1.81823502e+01 1.10132675e+02 1.10785437e+01 1.93875062e+00
    3.59633017e+00 -1.</_>
  <_>
    5.15170326e+01 1.14937920e+02 8.08160782e+00 5.82195938e-01
    3.59586310e+00 -1.</_>
  <_>
    2.78991985e+01 4.36526985e+01 9.28343964e+00 1.12502730e+00
    3.23950553e+00 -1.</_>
  <_>
    1.21359444e+01 5.44784737e+01 8.48756313e+00 7.90167093e-01
    3.31106329e+00 -1.</_>
  <_>
    2.05473194e+01 6.15665932e+01 1.52896051e+01 3.47330165e+00
    3.49622488e+00 -1.</_>
  <_>
    3.85652695e+01 1.03070290e+02 1.62289333e+01 3.74812222e+00
    3.48918796e+00 -1.</_>
  <_>
    1.93436947e+01 9.95626526e+01 9.57782650e+00 1.25980699e+00
    3.22780657e+00 -1.</_>
  <_>
    5.20127144e+01 8.17168274e+01 8.08496857e+00 5.87715745e-01
    3.23849463e+00 -1.</_>
  <_>
    3.87638855e+01 4.77716370e+01 1.60500259e+01 3.69577909e+00
    3.31977177e+00 -1.</_>
  <_>
    1.14097862e+01 2.32983551e+01 8.06643391e+00 5.79632759e-01
    3.38412118e+00 -1.</_>
  <_>
    3.59615440e+01 3.80040970e+01 8.70120525e+00 8.73135924e-01
    3.22719240e+00 -1.</_>
  <_>
    5.22046394e+01 4.00563126e+01 8.01418781e+00 5.50977945e-01
    3.17416072e+00 -1.</_>
  <_>
    5.11540871e+01 1.15622940e+01 8.10742569e+00 5.97935140e-01
    2.88706493e+00 -9.99999940e-01</_>
  <_>
    2.45668488e+01 8.27765121e+01 8.46934891e+00 7.67312467e-01
    3.14948368e+00 -1.</_>
  <_>
    3.58989677e+01 7.97449036e+01 8.64090347e+00 8.52375448e-01
    3.15790844e+00 -1.</_>
  <_>
    2.52757435e+01 2.19408569e+01 8.33905029e+00 7.17150390e-01
    3.30305219e+00 -1.</_>
  <_>
    4.14849434e+01 1.15599319e+02 8.07960320e+00 5.83233535e-01
    3.63839078e+00 -9.99999940e-01</_>
  <_>
    3.34094467e+01 1.14086891e+02 9.22242069e+00 1.10790777e+00
    3.64699984e+00 -1.</_>
  <_>
    1.17858944e+01 1.03938896e+02 8.30578518e+00 6.99637592e-01
    3.34500074e+00 -1.</_>
  <_>
    5.15678635e+01 9.27294388e+01 8.20567703e+00 6.46177173e-01
    3.17485166e+00 -1.</_>
  <_>
    4.59950142e+01 5.44728050e+01 1.02704315e+01 1.58312869e+00
    3.28494048e+00 -1.</_>
  <_>
    1.13913956e+01 3.41314964e+01 8.09162903e+00 5.90762198e-01
    3.36698699e+00 -1.</_>
  <_>
    1.74166889e+01 1.81541309e+01 1.09578581e+01 1.88654006e+00
    3.18449068e+00 -1.</_>
  <_>
    4.28269234e+01 9.48453903e+01 1.11398125e+01 1.88801253e+00
    3.27371264e+00 -1.</_>
  <_>
    2.03570938e+01 9.04569626e+01 1.13470182e+01 1.96571529e+00
    3.24088883e+00 -1.</_>
  <_>
    2.91972942e+01 5.44225883e+01 9.69411373e+00 1.29348469e+00
    3.47218132e+00 -1.</_>
  <_>
    1.28340254e+01 8.31661453e+01 8.41538715e+00 7.54277289e-01
    3.32987118e+00 -1.</_>
  <_>
    4.55020638e+01 4.42452316e+01 1.00383492e+01 1.47820556e+00
    3.17650962e+00 -1.</_>
  <_>
    3.87078323e+01 3.32733307e+01 1.55709276e+01 3.54278874e+00
    3.08922696e+00 -9.99999940e-01</_>
  <_>
    2.01775723e+01 4.96495476e+01 8.42702007e+00 7.59420276e-01
    3.30082083e+00 -1.</_>
  <_>
    5.22205582e+01 2.06588917e+01 7.87135410e+00 4.79059845e-01
    3.17099977e+00 -1.</_>
  <_>
    2.19695244e+01 1.20562553e+01 8.29133797e+00 6.92954779e-01
    2.90237594e+00 -1.</_>
  <_>
    4.59517593e+01 3.48934441e+01 9.94166374e+00 1.43698168e+00
    3.14734125e+00 -1.</_>
  <_>
    3.92541542e+01 6.07437439e+01 1.60170422e+01 3.68612909e+00
    3.33096099e+00 -1.</_>
  <_>
    3.05473804e+01 8.98416214e+01 1.46145229e+01 3.24426651e+00
    3.00324440e+00 -1.</_>
  <_>
    1.20025692e+01 6.41519241e+01 8.41963291e+00 7.56554902e-01
    3.42304826e+00 -1.</_>
  <_>
    4.53011093e+01 1.09989349e+02 1.14633474e+01 2.10991001e+00
    3.64164448e+00 -1.</_>
  <_>
    3.40061760e+01 8.90968552e+01 8.37135887e+00 7.29362607e-01
    3.19576311e+00 -1.</_>
  <_>
    2.95628662e+01 6.46137924e+01 9.57614803e+00 1.23987973e+00
    3.36784029e+00 -1.</_>
  <_>
    3.53265152e+01 1.97392197e+01 8.39584351e+00 7.46951163e-01
    3.23530269e+00 -9.99999940e-01</_>
  <_>
    3.12040234e+01 2.81600552e+01 9.31303406e+00 1.14978063e+00
    3.19520998e+00 -1.</_>
  <_>
    3.86235771e+01 7.01067505e+01 1.04775095e+01 1.58415031e+00
    3.38909960e+00 -1.</_>
  <_>
    4.68564835e+01 2.58435249e+01 1.02256508e+01 1.57214022e+00
    3.00102425e+00 -1.</_>
  <_>
    2.27573566e+01 2.26686535e+01 1.62403946e+01 3.75138855e+00
    3.07285714e+00 -1.</_>
  <_>
    2.36896152e+01 1.15765709e+02 8.12342834e+00 6.04053259e-01
    3.63143063e+00 -1.</_>
  <_>
    1.97157688e+01 7.01987610e+01 1.01311445e+01 1.48032510e+00
    3.42967296e+00 -1.</_>
  <_>
    2.39113255e+01 3.46699677e+01 1.58852167e+01 3.64756060e+00
    3.15711379e+00 -1.</_>
  <_>
    4.61038933e+01 7.57292404e+01 1.00103655e+01 1.46784210e+00
    3.34586072e+00 -1.</_>
  <_>
    5.20695534e+01 6.00849342e+01 8.01808929e+00 5.53956807e-01
    3.24130249e+00 -9.99999940e-01</_>
  <_>
    3.95545425e+01 2.18623676e+01 1.59672213e+01 3.66881752e+00
