<?xml version="1.0"?>
<opencv_storage>
<centroids>
  <_>
    2.29325428e+01 4.71842422e+01 1.14547243e+01 1.72895765e+00
    7.26042252e+01 -1.</_>
  <_>
    2.25835590e+01 6.06103401e+01 1.04305086e+01 1.27753258e+00
    3.22985596e+02 -1.</_>
  <_>
    4.10578842e+01 7.35050278e+01 1.00848055e+01 1.10164654e+00
    1.74686325e+02 -1.</_>
  <_>
    2.15297565e+01 5.16340065e+01 1.02538986e+01 1.18163037e+00
    8.86895847e+00 -1.</_>
  <_>
    2.29994030e+01 7.97050705e+01 1.10174694e+01 1.53099835e+00
    1.10823677e+02 -1.</_>
  <_>
    4.09364128e+01 2.45202122e+01 1.04132900e+01 1.27254105e+00
    1.08135353e+02 -1.</_>
  <_>
    3.89373817e+01 6.20742149e+01 1.14082813e+01 1.71107006e+00
    5.49974556e+01 -1.</_>
  <_>
    4.21946487e+01 2.22346172e+01 1.00639820e+01 1.12186801e+00
    8.55614395e+01 -1.</_>
  <_>
    4.06652298e+01 6.08654671e+01 1.02638474e+01 1.20049477e+00
    2.33691086e+02 -1.</_>
  <_>
    4.02001305e+01 5.89568481e+01 1.02552862e+01 1.19088757e+00
    2.00886612e+02 -9.99999940e-01</_>
  <_>
    2.28137379e+01 6.05058861e+01 1.12734604e+01 1.64082992e+00
    1.10585655e+02 -9.99999940e-01</_>
  <_>
    2.13557205e+01 2.33441143e+01 1.03244228e+01 1.24851871e+00
    9.05241318e+01 -1.</_>
  <_>
    2.09950581e+01 5.27594681e+01 1.00468578e+01 1.08873498e+00
    3.49436615e+02 -1.</_>
  <_>
    3.98180809e+01 2.46420517e+01 1.01331120e+01 1.13550794e+00
    1.62374363e+01 -1.</_>
  <_>
    3.15866051e+01 9.34584427e+01 1.06536446e+01 1.38153481e+00
    2.54858185e+02 -1.</_>
  <_>
    4.15926895e+01 9.88893890e+01 1.03378668e+01 1.23781180e+00
    8.48766098e+01 -1.</_>
  <_>
    2.27176208e+01 4.46345711e+01 1.15434275e+01 1.77906621e+00
    1.31205414e+02 -1.</_>
  <_>
    2.17345562e+01 5.15101242e+01 1.05932465e+01 1.34283412e+00
    1.59563232e+02 -1.</_>
  <_>
    4.04435234e+01 6.99523468e+01 1.06324596e+01 1.36426413e+00
    3.46480484e+01 -1.</_>
  <_>
    2.91096516e+01 7.59855194e+01 1.05023823e+01 1.29661787e+00
    3.48102997e+02 -1.</_>
  <_>
    4.05383492e+01 4.66734962e+01 1.10594015e+01 1.57385778e+00
    1.09654373e+02 -1.</_>
  <_>
    2.23563881e+01 4.84062576e+01 1.15005093e+01 1.76182187e+00
    5.21539841e+01 -1.</_>
  <_>
    3.20845261e+01 1.00028320e+02 1.04058723e+01 1.26446700e+00
    1.63803940e+02 -1.</_>
  <_>
    4.20840683e+01 7.00090408e+01 1.03029270e+01 1.21872675e+00
    9.12612534e+01 -1.</_>
  <_>
    3.14828262e+01 9.27779388e+01 1.06955633e+01 1.40070701e+00
    2.86227844e+02 -1.</_>
  <_>
    3.21304703e+01 3.84914398e+01 1.25404682e+01 2.20649981e+00
    8.98994064e+01 -9.99999940e-01</_>
  <_>
    3.02691174e+01 9.39640884e+01 1.04781685e+01 1.29346871e+00
    1.92732468e+02 -1.</_>
  <_>
    2.84946423e+01 2.28945980e+01 1.06225004e+01 1.36933923e+00
    4.53673096e+01 -1.</_>
  <_>
    2.87089787e+01 2.44994469e+01 9.81879234e+00 9.84286845e-01
    3.48436035e+02 -1.</_>
  <_>
    2.11185455e+01 6.13268242e+01 1.00681963e+01 1.09919250e+00
    1.84996094e+02 -9.99999940e-01</_>
  <_>
    3.09484138e+01 3.10079784e+01 1.03686867e+01 1.24540842e+00
    2.85166931e+02 -1.</_>
  <_>
    1.84996548e+01 4.41255760e+01 1.01816130e+01 1.18694794e+00
    8.99301147e+01 -1.</_>
  <_>
    4.17907791e+01 2.50716381e+01 9.94839954e+00 1.05377197e+00
    1.60653366e+02 -1.</_>
  <_>
    3.97997627e+01 8.07424469e+01 1.08430719e+01 1.45376885e+00
    6.81941528e+01 -1.</_>
  <_>
    3.18642025e+01 3.14688206e+01 1.03894482e+01 1.25725091e+00
    2.52193985e+02 -1.</_>
  <_>
    2.00227032e+01 2.39388885e+01 9.86822319e+00 1.01766622e+00
    1.71270828e+01 -1.</_>
  <_>
    2.16278667e+01 2.26560402e+01 1.03445206e+01 1.24210799e+00
    1.13447235e+02 -1.</_>
  <_>
    2.13094120e+01 3.15813351e+01 1.00733557e+01 1.10076535e+00
    1.84717484e+02 -1.</_>
  <_>
    2.24467754e+01 6.66295395e+01 1.10650692e+01 1.55715358e+00
    1.34085876e+02 -1.</_>
  <_>
    3.26826439e+01 3.00136967e+01 1.02519302e+01 1.19225192e+00
    2.19191650e+02 -1.</_>
  <_>
    4.08832130e+01 4.09252853e+01 1.09975786e+01 1.54634678e+00
    6.91729431e+01 -1.</_>
  <_>
    4.11468163e+01 6.69485931e+01 1.07541027e+01 1.42439067e+00
    1.11094246e+02 -1.</_>
  <_>
    1.99133320e+01 6.45160446e+01 1.02803478e+01 1.21058750e+00
    9.09250870e+01 -1.</_>
  <_>
    2.17312717e+01 1.02654892e+02 1.02197466e+01 1.18701553e+00
    9.82841492e+01 -1.</_>
  <_>
    2.21173420e+01 6.10429955e+01 1.03892832e+01 1.26018178e+00
    2.52801498e+02 -1.</_>
  <_>
    2.27522526e+01 6.05860825e+01 1.04083261e+01 1.26876235e+00
    2.91777893e+02 -1.</_>
  <_>
    2.53001556e+01 8.17985840e+01 1.15009499e+01 1.74139035e+00
    8.86131668e+01 -1.</_>
  <_>
    2.96735096e+01 3.04765263e+01 1.02694435e+01 1.19934928e+00
    3.18412659e+02 -9.99999940e-01</_>
  <_>
    4.07743416e+01 5.66458740e+01 1.05912008e+01 1.34657574e+00
    1.54830872e+02 -1.</_>
  <_>
    2.16438637e+01 6.72199554e+01 1.09216738e+01 1.49059904e+00
    7.09339066e+01 -1.</_>
  <_>
    3.24478569e+01 5.51206322e+01 1.25381193e+01 2.18834710e+00
    9.11857910e+01 -1.</_>
  <_>
    2.44794827e+01 2.40323772e+01 1.06701450e+01 1.38822055e+00
    6.91644821e+01 -1.</_>
  <_>
    2.28466644e+01 9.78576965e+01 1.04503660e+01 1.29065740e+00
    6.95373840e+01 -1.</_>
  <_>
    4.13300591e+01 2.26788197e+01 9.54311180e+00 8.55597079e-01
    1.88168365e+02 -1.</_>
  <_>
    4.03010674e+01 7.35740814e+01 1.02368307e+01 1.17129576e+00
    1.04031229e+01 -9.99999940e-01</_>
  <_>
    4.20098343e+01 5.46776695e+01 9.96732903e+00 1.05582738e+00
    3.46431641e+02 -1.</_>
  <_>
    2.07664413e+01 7.48602600e+01 1.02467375e+01 1.18416512e+00
    1.62956238e+01 -1.</_>
  <_>
    4.17867432e+01 5.18992500e+01 1.02148561e+01 1.17153835e+00
    1.39134941e+01 -1.</_>
  <_>
    4.08575974e+01 4.43309784e+01 1.10920086e+01 1.58781099e+00
    4.41332054e+01 -1.</_>
  <_>
    3.17721653e+01 9.99418564e+01 1.03952703e+01 1.25823617e+00
    1.50336113e+01 -1.</_>
  <_>
    2.26292839e+01 4.33222275e+01 1.14138203e+01 1.71505296e+00
    1.07931213e+02 -1.</_>
  <_>
    4.08720551e+01 7.63536530e+01 1.07490492e+01 1.42060578e+00
    1.37451019e+02 -9.99999940e-01</_>
  <_>
    4.48946342e+01 4.48596649e+01 9.87281132e+00 1.03992486e+00
    9.00151215e+01 -1.</_>
  <_>
    4.07229347e+01 9.43275909e+01 1.04873867e+01 1.30408120e+00
    1.09613571e+02 -1.</_>
  <_>
    3.29165573e+01 9.76917114e+01 1.08470001e+01 1.46721685e+00
    4.48570213e+01 -1.</_>
  <_>
    4.05751381e+01 6.04161606e+01 1.08114491e+01 1.45082045e+00
    7.47522812e+01 -1.</_>
  <_>
    2.27292252e+01 7.51386871e+01 1.05376968e+01 1.31178224e+00
    1.59848770e+02 -1.</_>
  <_>
    4.16686325e+01 5.91777534e+01 1.01263390e+01 1.13872361e+00
    3.11439056e+02 -1.</_>
  <_>
    2.15524826e+01 7.22527390e+01 1.09154472e+01 1.49448836e+00
    4.73125305e+01 -1.</_>
  <_>
    3.86570625e+01 2.49415932e+01 1.06796398e+01 1.39775479e+00
    1.33909882e+02 -1.</_>
  <_>
    3.09251232e+01 9.34544601e+01 1.06432781e+01 1.38237834e+00
    2.23491684e+02 -1.</_>
  <_>
    2.81573696e+01 9.86188278e+01 1.07808943e+01 1.43830025e+00
    1.33482285e+02 -9.99999940e-01</_>
  <_>
    4.09195366e+01 4.93957596e+01 1.01030502e+01 1.11443985e+00
    1.77433426e+02 -1.</_>
  <_>
    4.01261711e+01 5.26798744e+01 1.13353281e+01 1.69363034e+00
    1.31503784e+02 -1.</_>
  <_>
    2.21095142e+01 2.30566082e+01 1.02172127e+01 1.18059886e+00
    1.53180817e+02 -1.</_>
  <_>
    2.17569771e+01 5.85671844e+01 1.03037825e+01 1.22187185e+00
    2.16696533e+02 -1.</_>
  <_>
    4.04152451e+01 5.99308167e+01 1.03069992e+01 1.22172630e+00
    2.72378998e+02 -1.</_>
  <_>
    3.15922699e+01 9.33685684e+01 1.06638498e+01 1.39333415e+00
    3.16077179e+02 -1.</_>
  <_>
