<?xml version="1.0"?>
<opencv_storage>
<centroids>
  <_>
    2.38490524e+01 7.49789810e+01 1.08580341e+01 1.46577322e+00
    1.76477356e+02 -1.</_>
  <_>
    2.22360077e+01 2.52068634e+01 1.03227463e+01 1.23008049e+00
    6.62366562e+01 -9.99999940e-01</_>
  <_>
    2.16178322e+01 7.47034149e+01 1.06120644e+01 1.35457611e+00
    3.41584045e+02 -9.99999940e-01</_>
  <_>
    3.99771233e+01 7.83870010e+01 1.08754358e+01 1.46925354e+00
    9.48528061e+01 -1.</_>
  <_>
    4.03774033e+01 3.08395004e+01 1.04713993e+01 1.29349113e+00
    3.21703339e+02 -1.</_>
  <_>
    4.03012581e+01 2.62494183e+01 1.02526541e+01 1.19363189e+00
    2.65344757e+02 -9.99999940e-01</_>
  <_>
    3.80642700e+01 7.61839981e+01 1.08362837e+01 1.45501089e+00
    1.31984434e+01 -1.</_>
  <_>
    2.21911831e+01 2.69598122e+01 1.04163456e+01 1.27136910e+00
    9.30343857e+01 -9.99999940e-01</_>
  <_>
    3.99022598e+01 2.43278427e+01 1.01993895e+01 1.16918540e+00
    1.99661346e+02 -9.99999940e-01</_>
  <_>
    2.33986073e+01 7.39675674e+01 1.08984509e+01 1.47947776e+00
    2.54063171e+02 -1.</_>
  <_>
    2.25582752e+01 2.37953281e+01 1.01713524e+01 1.15643835e+00
    1.51843689e+02 -1.</_>
  <_>
    2.28915462e+01 6.99981613e+01 1.07848587e+01 1.43197715e+00
    2.90020569e+02 -1.</_>
  <_>
    3.05399399e+01 7.76122055e+01 1.10057077e+01 1.53537619e+00
    3.96986389e+01 -1.</_>
  <_>
    4.12548370e+01 7.49640045e+01 1.04484282e+01 1.27610719e+00
    1.27003258e+02 -1.</_>
  <_>
    2.24926014e+01 2.42117977e+01 1.02393608e+01 1.18883634e+00
    1.84166412e+02 -1.</_>
  <_>
    2.32589283e+01 5.30853958e+01 1.09850235e+01 1.51869547e+00
    3.17052948e+02 -1.</_>
  <_>
    4.03570251e+01 7.52949066e+01 1.05397387e+01 1.32327008e+00
    1.94377945e+02 -1.</_>
  <_>
    3.96040497e+01 6.99345932e+01 1.07331896e+01 1.41153181e+00
    3.13371368e+02 -9.99999940e-01</_>
  <_>
    4.09031830e+01 2.25706196e+01 9.93293953e+00 1.04683995e+00
    1.71207390e+01 -1.</_>
  <_>
    3.98355751e+01 4.95845947e+01 1.05714874e+01 1.33582747e+00
    7.56848907e+01 -1.</_>
  <_>
    2.50911331e+01 1.01832161e+02 1.02958584e+01 1.22000623e+00
    1.92439697e+02 -1.</_>
  <_>
    2.18705959e+01 1.00674599e+02 1.01837091e+01 1.16397679e+00
    2.32961075e+02 -1.</_>
  <_>
    4.09490929e+01 2.69637413e+01 1.02645550e+01 1.20303476e+00
    1.36701782e+02 -1.</_>
  <_>
    4.03124084e+01 5.10410957e+01 1.07789326e+01 1.43124127e+00
    2.50964478e+02 -1.</_>
  <_>
    3.95208969e+01 1.01035004e+02 1.02134953e+01 1.18176579e+00
    4.28266678e+01 -1.</_>
  <_>
    4.05814552e+01 2.34237499e+01 1.01118193e+01 1.12744701e+00
    2.94443604e+02 -9.99999940e-01</_>
  <_>
    2.50905037e+01 5.13394699e+01 1.07583628e+01 1.42118168e+00
    1.33309418e+02 -9.99999940e-01</_>
  <_>
    4.01027870e+01 1.01358009e+02 1.01928711e+01 1.16937602e+00
    3.21573456e+02 -1.</_>
  <_>
    3.53995056e+01 5.07044067e+01 1.07927713e+01 1.43733442e+00
    1.07279640e+02 -1.</_>
  <_>
    3.68543777e+01 4.79771233e+01 1.10466557e+01 1.55054653e+00
    2.91770691e+02 -1.</_>
  <_>
    2.17290173e+01 2.25496826e+01 1.00378485e+01 1.09887278e+00
    3.42497498e+02 -9.99999940e-01</_>
  <_>
    4.04428253e+01 1.02834198e+02 1.00978012e+01 1.12810040e+00
    1.32138824e+01 -1.</_>
  <_>
    2.24523048e+01 5.17033958e+01 1.08910656e+01 1.47744572e+00
    2.32493195e+02 -1.</_>
  <_>
    3.11874371e+01 1.01540092e+02 1.04302464e+01 1.27751243e+00
    1.34687302e+02 -1.</_>
  <_>
    2.22479057e+01 7.54643173e+01 1.07270813e+01 1.40725708e+00
    2.11632095e+02 -1.</_>
  <_>
    2.14694118e+01 5.50241737e+01 1.04623308e+01 1.28672361e+00
    5.52284470e+01 -1.</_>
  <_>
    4.04134903e+01 2.30057240e+01 1.01200657e+01 1.13610029e+00
    7.94020844e+01 -1.</_>
  <_>
    3.94433441e+01 4.81005936e+01 1.07714891e+01 1.42914748e+00
    1.20019741e+01 -1.</_>
  <_>
    4.07366257e+01 2.51762924e+01 1.01643496e+01 1.15409791e+00
    3.47850128e+02 -1.</_>
  <_>
    3.92741394e+01 9.92357330e+01 1.02768793e+01 1.20659387e+00
    2.89261566e+02 -9.99999940e-01</_>
  <_>
    2.26218338e+01 4.61569405e+01 1.08951101e+01 1.48057199e+00
    3.47112915e+02 -9.99999940e-01</_>
  <_>
    2.23809376e+01 2.62820225e+01 1.03900270e+01 1.25635111e+00
    2.49534317e+02 -1.</_>
  <_>
    4.05078087e+01 7.14355011e+01 1.05832310e+01 1.33965826e+00
    2.73020935e+02 -1.</_>
  <_>
    4.01765251e+01 2.50289459e+01 1.01827641e+01 1.16016150e+00
    2.32771606e+02 -1.</_>
  <_>
    4.15642662e+01 5.77700844e+01 1.03585005e+01 1.24310970e+00
    1.55849838e+02 -1.</_>
  <_>
    2.02604866e+01 5.73231621e+01 1.03061142e+01 1.22163844e+00
    1.67229080e+01 -1.</_>
  <_>
    2.14057293e+01 2.62379360e+01 1.02606468e+01 1.19683456e+00
    2.81752502e+02 -1.</_>
  <_>
    2.19614639e+01 2.46255112e+01 1.01695452e+01 1.16102004e+00
    1.20938644e+02 -1.</_>
  <_>
    2.23760548e+01 2.63292980e+01 1.03858833e+01 1.25941575e+00
    3.73468704e+01 -1.</_>
  <_>
    4.02950554e+01 4.81684380e+01 1.07050600e+01 1.39791644e+00
    1.83288239e+02 -1.</_>
  <_>
    2.18442535e+01 5.02923355e+01 1.07118597e+01 1.39877868e+00
    1.97486099e+02 -1.</_>
  <_>
    2.18863201e+01 4.85379219e+01 1.06662998e+01 1.38160014e+00
    1.65056671e+02 -1.</_>
  <_>
    3.24226112e+01 1.02480194e+02 1.04102554e+01 1.26607072e+00
    1.07863869e+02 -9.99999940e-01</_>
  <_>
    2.10551281e+01 6.11436310e+01 1.04557629e+01 1.28418028e+00
    8.58213882e+01 -1.</_>
  <_>
    2.19537354e+01 1.00006744e+02 1.02303591e+01 1.18339229e+00
    2.72266876e+02 -1.</_>
  <_>
    3.94883766e+01 1.02018883e+02 1.01229801e+01 1.13259566e+00
    2.13995987e+02 -1.</_>
  <_>
    2.20577164e+01 2.52389755e+01 1.02317562e+01 1.18695462e+00
    3.11223846e+02 -1.</_>
  <_>
    3.89153023e+01 7.37262039e+01 1.07929525e+01 1.43569398e+00
    2.32311157e+02 -1.</_>
  <_>
    2.20973358e+01 2.58125458e+01 1.03455725e+01 1.23811114e+00
    2.16828384e+02 -1.</_>
  <_>
    3.66210327e+01 7.70055084e+01 1.09884634e+01 1.52390289e+00
    6.72327652e+01 -9.99999940e-01</_>
  <_>
    4.16772499e+01 9.64138794e+01 1.02341070e+01 1.18509293e+00
    1.66422714e+02 -1.</_>
  <_>
    2.08371334e+01 9.71726303e+01 1.02960339e+01 1.21776783e+00
    1.74138031e+01 -1.</_>
  <_>
    2.36416969e+01 4.95374451e+01 1.09885187e+01 1.52006567e+00
    2.68155945e+02 -1.</_>
  <_>
    3.99447403e+01 1.02990402e+02 1.01605101e+01 1.15431452e+00
    7.77458878e+01 -1.</_>
  <_>
    4.01379242e+01 5.24538269e+01 1.05363932e+01 1.31970644e+00
    4.03641129e+01 -1.</_>
  <_>
    4.04482040e+01 2.52185097e+01 1.02700958e+01 1.20210755e+00
    1.66614761e+02 -9.99999940e-01</_>
  <_>
    4.02218056e+01 2.36659107e+01 1.01765308e+01 1.16441715e+00
    1.07898262e+02 -1.</_>
  <_>
    2.12937241e+01 9.39831924e+01 1.06778383e+01 1.38706362e+00
    8.59148331e+01 -1.</_>
  <_>
    4.03640404e+01 2.41436577e+01 1.00727749e+01 1.11462986e+00
    4.95289116e+01 -1.</_>
  <_>
    2.14894047e+01 9.68785629e+01 1.03804760e+01 1.25117075e+00
    3.10590302e+02 -1.</_>
  <_>
    4.10482635e+01 5.51569901e+01 1.05628681e+01 1.33577859e+00
    3.43717865e+02 -1.</_>
  <_>
    4.02060089e+01 4.97511292e+01 1.07712517e+01 1.42541456e+00
    2.14903717e+02 -1.</_>
  <_>
    2.14734554e+01 7.66692886e+01 1.06704435e+01 1.37997723e+00
    1.12527893e+02 -1.</_>
  <_>
    3.95868530e+01 1.00611496e+02 1.01990471e+01 1.16798449e+00
    2.53749619e+02 -1.</_>
  <_>
    2.19616127e+01 2.70848866e+01 1.04461308e+01 1.28253758e+00
    1.16477661e+01 -1.</_>
  <_>
    2.15460415e+01 1.02506920e+02 1.01223412e+01 1.14129186e+00
    1.62655807e+02 -1.</_>
  <_>
    2.15576248e+01 9.88578339e+01 1.03337994e+01 1.23106158e+00
    5.74424515e+01 -1.</_>
  <_>
    2.36193695e+01 7.75428391e+01 1.09097748e+01 1.48963225e+00
