<?xml version="1.0"?>
<opencv_storage>
<centroids>
  <_>
    3.17615948e+01 5.25826759e+01 4.17921782e+00 13894679.
    1.23136368e+02 -1.</_>
  <_>
    3.16729546e+01 5.24963608e+01 4.16963387e+00 2.33078325e+06
    1.24699928e+02 -1.</_>
  <_>
    3.15728321e+01 5.25568581e+01 4.13691473e+00 8486984. 1.24026459e+02
    -1.</_>
  <_>
    3.17736130e+01 5.17286606e+01 4.17142248e+00 5507559. 1.22262009e+02
    -1.</_>
  <_>
    3.18589802e+01 5.25806198e+01 4.25097132e+00 11173620.
    1.21532997e+02 -9.99999940e-01</_>
  <_>
    3.18520260e+01 5.45918465e+01 4.28991508e+00 16594890.
    1.26696884e+02 -1.</_>
  <_>
    3.10380630e+01 5.17157860e+01 4.15990973e+00 1.51234172e+05
    1.21261345e+02 -1.</_>
  <_>
    3.16082954e+01 5.21288643e+01 4.16928387e+00 3.34496425e+06
    1.20479370e+02 -1.</_>
  <_>
    3.14664364e+01 5.16749001e+01 4.24127293e+00 12320195.
    1.23999680e+02 -1.</_>
  <_>
    3.15786190e+01 5.26106796e+01 4.14205933e+00 9830656. 1.22519653e+02
    -1.</_>
  <_>
    3.18933792e+01 5.39967461e+01 4.21759081e+00 15270582.
    1.22894676e+02 -1.</_>
  <_>
    3.15729523e+01 5.23870659e+01 4.07879639e+00 6619594. 1.21331161e+02
    -1.</_>
  <_>
    3.12049713e+01 5.25420189e+01 4.11547899e+00 3736381. 1.23294067e+02
    -1.</_>
  <_>
    3.16426392e+01 5.39474220e+01 4.23306847e+00 13108034.
    1.25009148e+02 -1.</_>
  <_>
    3.15936546e+01 5.30751381e+01 4.11330318e+00 10552949.
    1.25605324e+02 -1.</_>
  <_>
    3.14345551e+01 5.14190598e+01 4.10114717e+00 7209986. 1.22933044e+02
    -1.</_>
  <_>
    3.15378571e+01 5.13384399e+01 4.10402060e+00 4.32745950e+06
    1.24974808e+02 -1.</_>
  <_>
    3.13065090e+01 5.24530792e+01 4.12691927e+00 1.54234650e+06
    1.23690788e+02 -1.</_>
  <_>
    3.19421062e+01 5.25688171e+01 4.25403976e+00 14615983.
    1.22736916e+02 -1.</_>
  <_>
    3.15786591e+01 5.19753075e+01 4.01439810e+00 7668935. 1.23933418e+02
    -1.</_>
  <_>
    3.15662956e+01 5.25977173e+01 4.16564512e+00 11730433.
    1.22961327e+02 -1.</_>
  <_>
    3.15727158e+01 5.26663742e+01 4.12973833e+00 9306472. 1.22686325e+02
    -1.</_>
  <_>
    3.13916969e+01 5.20075378e+01 4.28293991e+00 15501074.
    1.25704773e+02 -1.</_>
  <_>
    3.15425510e+01 5.25724754e+01 4.26771355e+00 14088192.
    1.24370872e+02 -1.</_>
  <_>
    3.14100304e+01 5.12250252e+01 4.09027719e+00 6.29034250e+06
    1.20387466e+02 -1.</_>
  <_>
    3.16615410e+01 5.25411339e+01 4.02227306e+00 7.53160063e+05
    1.24489372e+02 -1.</_>
  <_>
    3.18449841e+01 5.26464844e+01 4.15918398e+00 5209966. 1.25587364e+02
    -1.</_>
  <_>
    3.18472900e+01 5.24074287e+01 4.12703514e+00 8715890. 1.23274033e+02
    -1.</_>
  <_>
    3.15432625e+01 5.26539230e+01 4.11573410e+00 5047416. 1.25142372e+02
    -1.</_>
  <_>
    3.16438141e+01 5.22614975e+01 4.10612440e+00 1.28057363e+06
    1.23045815e+02 -1.</_>
  <_>
    3.17328053e+01 5.38097801e+01 4.31165075e+00 16054674.
    1.25662674e+02 -1.</_>
  <_>
    3.15787697e+01 5.27547607e+01 4.06131601e+00 2.68848425e+06
    1.24884064e+02 -1.</_>
  <_>
    3.17479076e+01 5.19300423e+01 4.05743361e+00 5.89887050e+06
    1.24138062e+02 -1.</_>
  <_>
    3.16742916e+01 5.31099510e+01 4.17775631e+00 12880665.
    1.24962662e+02 -1.</_>
  <_>
    3.16657867e+01 5.22651176e+01 4.07234812e+00 8.06215150e+06
    1.24365211e+02 -1.</_>
  <_>
    3.14749279e+01 5.29273224e+01 4.23068666e+00 13302036.
    1.21462143e+02 -1.</_>
  <_>
    3.15833950e+01 5.29872971e+01 4.19438791e+00 4686187. 1.23839386e+02
    -1.</_>
  <_>
    3.15343361e+01 5.20820084e+01 4.02379656e+00 10257293.
    1.25312080e+02 -9.99999940e-01</_>
  <_>
    3.18117180e+01 5.27974358e+01 4.04055834e+00 12125660.
    1.28039368e+02 -1.</_>
  <_>
    3.17027836e+01 5.19961815e+01 4.07212591e+00 9109312. 1.23936958e+02
    -1.</_>
  <_>
    3.13962097e+01 5.25903969e+01 4.11615801e+00 4.12944125e+06
    1.24156349e+02 -1.</_>
  <_>
    3.16370564e+01 5.34175262e+01 4.05614853e+00 6.81583550e+06
    1.21293770e+02 -1.</_>
  <_>
    3.15136547e+01 5.34140282e+01 4.14445686e+00 12485766.
    1.21723595e+02 -1.</_>
  <_>
    3.14843750e+01 5.17015953e+01 4.13960838e+00 11337512.
    1.26311684e+02 -1.</_>
  <_>
    3.16544361e+01 5.26738548e+01 4.03629255e+00 2063385. 1.23347984e+02
    -1.</_>
  <_>
    3.18153229e+01 5.21704369e+01 4.06604862e+00 10814201.
    1.22188171e+02 -1.</_>
  <_>
    3.13764305e+01 5.21438446e+01 4.12535763e+00 3147897. 1.22539764e+02
    -1.</_>
  <_>
    3.13785610e+01 5.22812614e+01 4.30025959e+00 15759424.
    1.24497993e+02 -9.99999940e-01</_>
  <_>
    3.16172504e+01 5.23867531e+01 4.11779976e+00 7438645. 1.22513908e+02
    -1.</_>
  <_>
    3.19295311e+01 5.31093979e+01 4.11592817e+00 1.01852719e+06
    1.28042404e+02 -1.</_>
  <_>
    3.15185852e+01 5.20839958e+01 4.04453516e+00 2.91691450e+06
    1.21359993e+02 -1.</_>
  <_>
    3.15040779e+01 5.28435249e+01 4.17261887e+00 7.86349450e+06
    1.22103638e+02 -1.</_>
  <_>
    3.18781586e+01 5.21461639e+01 4.14643908e+00 9666252. 1.26311241e+02
    -1.</_>
  <_>
    3.15312538e+01 5.30352020e+01 4.17091084e+00 15072510.
    1.24616447e+02 -1.</_>
  <_>
    3.16686134e+01 5.35031166e+01 4.17268515e+00 14253067.
    1.25123764e+02 -1.</_>
  <_>
    3.15109539e+01 5.30918465e+01 4.18650913e+00 3933905. 1.23901649e+02
    -1.</_>
  <_>
    3.16943111e+01 5.19108200e+01 4.08943796e+00 13696609.
    1.23188324e+02 -1.</_>
  <_>
    3.16989479e+01 5.32806358e+01 4.00185347e+00 1.80509075e+06
    1.23633850e+02 -1.</_>
  <_>
    3.15556660e+01 5.26551361e+01 4.04426050e+00 6.09606150e+06
    1.21086197e+02 -1.</_>
  <_>
    3.18135567e+01 5.26302757e+01 4.16709280e+00 16349853.
    1.21633324e+02 -9.99999940e-01</_>
  <_>
    3.15415249e+01 5.19881248e+01 4.01913357e+00 9504555. 1.24188141e+02
    -1.</_>
  <_>
    3.18421745e+01 5.40836411e+01 4.17826176e+00 5701392. 1.23394470e+02
    -1.</_>
  <_>
    3.15952187e+01 5.19042931e+01 4.10845947e+00 7.01149050e+06
    1.24260902e+02 -1.</_>
  <_>
    3.13994846e+01 5.32621574e+01 4.08446932e+00 4.63700344e+05
    1.22964111e+02 -1.</_>
  <_>
    3.15457726e+01 5.28956299e+01 4.16644001e+00 3539715. 1.23675270e+02
    -1.</_>
  <_>
    3.15968876e+01 5.30118408e+01 4.10143566e+00 12649250.
    1.23950142e+02 -1.</_>
  <_>
    3.16925182e+01 5.13357086e+01 4.09487629e+00 10026891.
    1.21169098e+02 -1.</_>
  <_>
    3.16460915e+01 5.23265953e+01 4.15520859e+00 11926717.
    1.23049576e+02 -1.</_>
  <_>
    3.15690060e+01 5.25245819e+01 3.98993301e+00 6455969. 1.23892876e+02
    -9.99999940e-01</_>
  <_>
    3.15545692e+01 5.38577232e+01 4.22070551e+00 14841838.
    1.25719719e+02 -1.</_>
  <_>
    3.16065941e+01 5.21749496e+01 4.06826496e+00 8912601. 1.21426178e+02
    -1.</_>
  <_>
    3.15504589e+01 5.23733063e+01 3.96150398e+00 4.52293850e+06
    1.24288399e+02 -1.</_>
  <_>
    3.16444588e+01 5.32800140e+01 4.14264822e+00 11009602.
    1.25472466e+02 -1.</_>
  <_>
    3.16447296e+01 5.27192612e+01 4.12629557e+00 2.52471475e+06
    1.24796349e+02 -1.</_>
  <_>
    3.17371883e+01 5.16521339e+01 4.12260246e+00 4.85070750e+06
    1.22301353e+02 -1.</_>
  <_>
    3.14311218e+01 5.25198898e+01 4.20981264e+00 11533650.
    1.23957611e+02 -1.</_>
  <_>
    3.14330139e+01 5.19937057e+01 4.20383167e+00 14418322.
    1.20515053e+02 -1.</_>
  <_>
    3.14916725e+01 5.36912422e+01 4.22439861e+00 13501008.
    1.24220909e+02 -1.</_>
  <_>
    3.16568680e+01 5.32811508e+01 3.99051309e+00 5341794. 1.24271255e+02
    -9.99999940e-01</_>
  <_>
    3.13980217e+01 5.28801842e+01 4.08697701e+00 8255916. 1.23192741e+02
    -1.</_></centroids>
</opencv_storage>
