<?xml version="1.0"?>
<opencv_storage>
<centroids>
  <_>
    3.15969696e+01 2.41016083e+01 1.93747482e+01 8.00808594e-02
    8.78813839e+00 1.52853370e-01</_>
  <_>
    4.05734596e+01 6.29331322e+01 1.98289204e+01 9.21937153e-02
    2.73806610e+02 1.27726704e-01</_>
  <_>
    4.05664368e+01 6.66640396e+01 2.05169907e+01 1.09196767e-01
    9.01853638e+01 1.66112170e-01</_>
  <_>
    3.06915359e+01 6.06701355e+01 1.98197651e+01 1.18720524e-01
    2.24286209e+02 2.90137380e-01</_>
  <_>
    4.13352509e+01 2.65450516e+01 1.92457237e+01 7.00657889e-02
    3.48906708e+02 1.68092117e-01</_>
  <_>
    2.11493034e+01 1.00180573e+02 1.91633263e+01 7.00617731e-02
    1.75794647e+02 1.10742807e-01</_>
  <_>
    2.24675617e+01 9.95964813e+01 1.90609550e+01 7.35173002e-02
    1.25118160e+01 9.71993357e-02</_>
  <_>
    2.74726353e+01 7.28148041e+01 2.04491863e+01 1.32758960e-01
    2.92312317e+02 3.19757193e-01</_>
  <_>
    4.13572044e+01 2.59079113e+01 1.90655861e+01 6.57304153e-02
    1.76333496e+02 1.11915447e-01</_>
  <_>
    3.31257782e+01 9.88818893e+01 1.90378952e+01 8.50599781e-02
    3.27083099e+02 2.10468918e-01</_>
  <_>
    4.09970703e+01 2.17993507e+01 1.86043053e+01 4.35771793e-02
    9.14377289e+01 1.06405325e-01</_>
  <_>
    3.80318108e+01 6.95769043e+01 2.03893566e+01 1.25882551e-01
    2.51427841e+02 2.49182016e-01</_>
  <_>
    4.19601860e+01 1.06107971e+02 1.84445534e+01 2.86355987e-02
    8.83982086e+01 3.00393049e-02</_>
  <_>
    3.45237198e+01 2.31633835e+01 1.86648026e+01 5.57377040e-02
    3.12504791e+02 2.70973951e-01</_>
  <_>
    4.13254738e+01 5.43850441e+01 1.95841522e+01 8.63320976e-02
    3.49280060e+02 2.08649337e-01</_>
  <_>
    3.97304840e+01 2.70777378e+01 1.86371346e+01 5.73959947e-02
    2.43900650e+02 2.35362098e-01</_>
  <_>
    3.97726173e+01 7.72660446e+01 2.03455200e+01 1.18777893e-01
    1.74354340e+02 1.69241324e-01</_>
  <_>
    4.22170410e+01 1.05370872e+02 1.80306034e+01 2.99196430e-02
    2.67681732e+02 1.32501274e-01</_>
  <_>
    2.98994370e+01 2.53383160e+01 1.88109055e+01 5.97042516e-02
    1.50918472e+02 2.55822539e-01</_>
  <_>
    3.36835136e+01 8.01442108e+01 1.96696243e+01 1.14903301e-01
    3.28657494e+01 2.55517632e-01</_>
  <_>
    3.26301460e+01 5.21359100e+01 1.93464909e+01 1.01151317e-01
    3.92964745e+01 3.36074561e-01</_>
  <_>
    3.40131989e+01 9.77224960e+01 1.89208145e+01 7.67529309e-02
    1.23294708e+02 1.60805136e-01</_>
  <_>
    2.18265629e+01 2.34321499e+01 1.85584679e+01 4.75570038e-02
    1.83376755e+02 1.52442992e-01</_>
  <_>
    4.14337959e+01 1.00792206e+02 1.91358070e+01 6.75324649e-02
    1.06509323e+01 9.01669785e-02</_>
  <_>
    2.23960209e+01 2.48697281e+01 1.90344925e+01 5.82320914e-02
    2.61940002e+02 1.71624079e-01</_>
  <_>
    4.13492661e+01 4.91703033e+01 1.92148056e+01 8.18571672e-02
    1.04394655e+01 2.55640507e-01</_>
  <_>
    2.36681995e+01 4.99555206e+01 2.03300667e+01 1.20829411e-01
    2.49854462e+02 1.35909528e-01</_>
  <_>
    4.13519363e+01 5.08775368e+01 1.95650616e+01 8.00550207e-02
    1.82946793e+02 1.47730410e-01</_>
  <_>
    2.18607025e+01 7.57145691e+01 1.97607040e+01 9.91945714e-02
    3.49542175e+02 1.64052561e-01</_>
  <_>
    3.31021271e+01 1.03533897e+02 1.91346359e+01 7.42981210e-02
    3.51446625e+02 1.35722041e-01</_>
  <_>
    3.23203049e+01 9.70499420e+01 1.89968033e+01 8.28670412e-02
    2.29573914e+02 2.09166005e-01</_>
  <_>
    2.14561615e+01 1.02408539e+02 1.86465549e+01 4.89075631e-02
    2.75192535e+02 1.64705887e-01</_>
  <_>
    2.41576939e+01 9.98387070e+01 1.92065544e+01 7.66633600e-02
    2.54498886e+02 1.22542202e-01</_>
  <_>
    2.28867474e+01 2.83128052e+01 1.89596329e+01 7.19777867e-02
    2.24477921e+02 2.75096118e-01</_>
  <_>
    2.11636047e+01 7.27879944e+01 1.94873219e+01 8.02700669e-02
    1.80560745e+02 1.39684916e-01</_>
  <_>
    3.96201019e+01 8.75946503e+01 2.13322678e+01 1.36324525e-01
    9.40708847e+01 6.33066967e-02</_>
  <_>
    3.11797123e+01 1.01469933e+02 1.85548649e+01 6.32432476e-02
    5.03230286e+01 1.60540551e-01</_>
  <_>
    2.78804989e+01 2.45830421e+01 1.85054531e+01 5.07550351e-02
    3.29053802e+01 2.42449671e-01</_>
  <_>
    2.16935787e+01 2.31117535e+01 1.84627819e+01 4.35582846e-02
    3.47527344e+02 1.59509212e-01</_>
  <_>
    3.28046875e+01 6.68640442e+01 1.97969532e+01 1.16954312e-01
    3.21102386e+02 2.67411172e-01</_>
  <_>
    3.31758347e+01 7.46483765e+01 2.08722763e+01 1.37249246e-01
    8.90170479e+00 1.84875175e-01</_>
  <_>
    3.32991447e+01 1.00708145e+02 1.92383423e+01 9.21848044e-02
    1.54123535e+02 1.38601035e-01</_>
  <_>
    4.00704575e+01 4.38432083e+01 2.05248680e+01 1.19597398e-01
    8.95241089e+01 1.68146834e-01</_>
  <_>
    2.12297020e+01 7.53013916e+01 1.95865593e+01 7.98370689e-02
    2.65883331e+02 1.99185342e-01</_>
  <_>
    2.16807671e+01 5.34893951e+01 2.01805573e+01 9.78992134e-02
    9.12259521e+01 1.81930512e-01</_>
  <_>
    3.02417755e+01 5.95210838e+01 1.98520794e+01 1.07326731e-01
    6.64892578e+01 2.36831680e-01</_>
  <_>
    2.16693268e+01 5.25151901e+01 1.96501026e+01 8.47900882e-02
    2.74526764e+02 6.56572580e-02</_>
  <_>
    2.29704857e+01 4.73440819e+01 2.02287712e+01 1.16639622e-01
    1.98413513e+02 2.78528929e-01</_>
  <_>
    2.36742916e+01 2.66100216e+01 1.92455444e+01 8.07683393e-02
    1.10031502e+02 1.27516776e-01</_>
  <_>
    2.23339329e+01 1.02587700e+02 1.93356266e+01 6.21079989e-02
    7.95571594e+01 3.80908661e-02</_>
  <_>
    2.60137787e+01 7.47987289e+01 2.06220837e+01 1.24094933e-01
    1.08636078e+02 1.74979895e-01</_>
  <_>
    4.03453484e+01 1.01758385e+02 1.89902420e+01 6.53786063e-02
    1.81069016e+02 1.35831386e-01</_>
  <_>
    2.54443512e+01 7.56758347e+01 1.98712769e+01 1.17058948e-01
    1.50987503e+02 2.74317861e-01</_>
  <_>
    3.94523468e+01 8.49110107e+01 2.06814251e+01 1.22728586e-01
    2.71662048e+02 2.22670898e-01</_>
  <_>
    3.95476074e+01 2.93108120e+01 1.94874344e+01 8.59389976e-02
    2.06009155e+02 2.71820456e-01</_>
  <_>
    3.19681950e+01 5.38336258e+01 1.92860069e+01 9.22971740e-02
    1.23649040e+02 2.99453050e-01</_>
  <_>
    2.47337894e+01 9.96751099e+01 1.90287876e+01 7.70562813e-02
    2.00016174e+02 1.67965367e-01</_>
  <_>
    3.04979057e+01 2.48224735e+01 1.85344448e+01 5.63803129e-02
    6.15498772e+01 1.88990816e-01</_>
  <_>
    3.62668839e+01 4.61940765e+01 2.06535759e+01 1.32617116e-01
    2.96263702e+02 2.47974634e-01</_>
  <_>
    2.30313950e+01 2.65249786e+01 1.90465565e+01 6.71839491e-02
    2.88120972e+02 2.13474646e-01</_>
  <_>
    3.94642715e+01 4.35884857e+01 2.08726463e+01 1.34828240e-01
    2.64952209e+02 9.29998606e-02</_>
  <_>
    3.55037384e+01 1.00369926e+02 1.86842499e+01 6.77134469e-02
    2.97587067e+02 1.64376840e-01</_>
  <_>
    4.06402321e+01 2.40763569e+01 1.79919090e+01 3.84898260e-02
    1.24191147e+02 2.58641809e-01</_>
  <_>
    2.13683987e+01 7.88652115e+01 1.98428516e+01 7.56602436e-02
    8.65029297e+01 9.37425643e-02</_>
  <_>
    4.15121994e+01 2.31714687e+01 1.83871880e+01 4.34782617e-02
    2.74462555e+02 1.65019765e-01</_>
  <_>
    4.15303154e+01 8.10277100e+01 1.94595470e+01 8.53559896e-02
    3.49843384e+02 1.59789652e-01</_>
  <_>
    3.09991760e+01 4.05238152e+01 2.03760548e+01 1.28503874e-01
    3.26602112e+02 3.05639982e-01</_>
  <_>
    3.90595512e+01 8.65294876e+01 2.04784260e+01 1.20030150e-01
    7.16171036e+01 1.24929339e-01</_>
  <_>
    2.04160843e+01 4.75978775e+01 1.87805557e+01 6.23458959e-02
    1.05409117e+01 1.44064814e-01</_>
  <_>
    2.19256821e+01 2.55662231e+01 1.95898972e+01 7.86204636e-02
    8.56474304e+01 9.41484123e-02</_>
  <_>
    3.45535431e+01 7.39278030e+01 2.05235672e+01 1.34701341e-01
    2.00525772e+02 2.45835036e-01</_>
  <_>
