<?xml version="1.0"?>
<opencv_storage>
<centroids>
  <_>
    3.05110435e+01 5.03879395e+01 1.94240818e+01 9.18367356e-02
    1.18412155e+02 2.81224489e-01</_>
  <_>
    3.04641895e+01 2.39912624e+01 1.87063179e+01 5.74050769e-02
    3.12085815e+02 2.78387636e-01</_>
  <_>
    2.43672066e+01 7.63231201e+01 2.01479073e+01 1.13863535e-01
    1.90333771e+02 1.55729383e-01</_>
  <_>
    4.04398041e+01 8.03824692e+01 2.02975330e+01 1.14242829e-01
    1.16390162e+01 1.58772513e-01</_>
  <_>
    2.16545334e+01 2.72281094e+01 1.90204124e+01 6.53833449e-02
    3.48980438e+02 1.62628621e-01</_>
  <_>
    4.12913055e+01 1.03746544e+02 1.85688076e+01 4.35741842e-02
    2.72875977e+02 1.49751782e-01</_>
  <_>
    3.15734863e+01 2.77323475e+01 1.94602318e+01 8.41799676e-02
    2.05013123e+02 2.43251085e-01</_>
  <_>
    3.21279716e+01 1.00894913e+02 1.92140560e+01 8.61515179e-02
    1.54119125e+02 1.32816926e-01</_>
  <_>
    4.11092644e+01 8.26622543e+01 2.02739754e+01 9.32868347e-02
    8.65059814e+01 6.69136867e-02</_>
  <_>
    4.14850769e+01 2.63463402e+01 1.88353100e+01 5.84867038e-02
    2.61866333e+02 1.88275382e-01</_>
  <_>
    4.11607437e+01 1.02056290e+02 1.87568264e+01 5.67055121e-02
    3.47203796e+02 1.54635593e-01</_>
  <_>
    3.24970169e+01 5.00072937e+01 1.94183521e+01 9.53103900e-02
    1.55812408e+02 2.55735487e-01</_>
  <_>
    3.25275574e+01 6.93436661e+01 1.97980080e+01 1.08229995e-01
    2.35201904e+02 3.12288612e-01</_>
  <_>
    3.22179604e+01 6.40810547e+01 1.97443256e+01 1.08422428e-01
    6.41829453e+01 2.32414171e-01</_>
  <_>
    3.09873962e+01 9.97173462e+01 1.95698452e+01 8.79527032e-02
    6.72853088e+01 1.10125653e-01</_>
  <_>
    2.11203556e+01 6.89895554e+01 1.92269611e+01 7.92594180e-02
    1.07762394e+01 2.04909503e-01</_>
  <_>
    2.96129894e+01 9.74790802e+01 1.91633682e+01 8.76413584e-02
    2.09882172e+02 2.04361886e-01</_>
  <_>
    3.18584900e+01 7.02229614e+01 1.98694477e+01 1.17806099e-01
    3.22465515e+02 2.78099656e-01</_>
  <_>
    2.19609699e+01 7.29419785e+01 1.98438206e+01 9.28922445e-02
    2.64168121e+02 1.85185179e-01</_>
  <_>
    4.05343666e+01 8.02926178e+01 2.01788807e+01 1.04292072e-01
    2.65636017e+02 2.29521066e-01</_>
  <_>
    4.23834763e+01 3.16556244e+01 1.91164780e+01 6.38400391e-02
    1.79274002e+02 1.41652614e-01</_>
  <_>
    2.28766899e+01 2.33563652e+01 1.86043243e+01 5.15100434e-02
    1.79369888e+02 1.38739854e-01</_>
  <_>
    2.74918232e+01 2.43217354e+01 1.82177734e+01 4.65164781e-02
    3.98089561e+01 2.59908229e-01</_>
  <_>
    4.16674538e+01 5.57988319e+01 1.93746929e+01 7.43801668e-02
    2.69288116e+02 7.97408968e-02</_>
  <_>
    3.17102146e+01 1.01166710e+02 1.88626690e+01 7.02127665e-02
    1.16781395e+02 9.32301730e-02</_>
  <_>
    3.03164787e+01 5.40852852e+01 2.00402260e+01 1.22867428e-01
    2.10290207e+02 2.74377853e-01</_>
  <_>
    2.17638798e+01 9.68161316e+01 1.90929852e+01 7.80406818e-02
    3.48717987e+02 1.52345374e-01</_>
  <_>
    3.83073540e+01 5.12845306e+01 1.99924870e+01 1.10730030e-01
    9.10041142e+00 2.30769232e-01</_>
  <_>
    2.13697910e+01 7.55999603e+01 1.98576126e+01 7.79338479e-02
    8.67365112e+01 1.08518355e-01</_>
  <_>
    2.13957329e+01 2.46422024e+01 1.87430458e+01 4.91213500e-02
    2.64595123e+02 1.74207836e-01</_>
  <_>
    2.85730820e+01 4.79302330e+01 2.12692413e+01 1.57916442e-01
    2.51297012e+02 1.17097303e-01</_>
  <_>
    3.49463425e+01 2.33763084e+01 1.84180088e+01 5.20322323e-02
    1.22072533e+02 2.47372106e-01</_>
  <_>
    2.13171978e+01 1.02323975e+02 1.87268867e+01 5.34600094e-02
    1.79970749e+02 1.30175829e-01</_>
  <_>
    3.03702869e+01 1.00769829e+02 1.87729034e+01 6.94058836e-02
    2.46021469e+02 1.44549325e-01</_>
  <_>
    3.91276131e+01 2.42905369e+01 1.89037991e+01 6.18431680e-02
    1.15053835e+01 1.91188365e-01</_>
  <_>
    4.08859215e+01 9.72818680e+01 1.92932892e+01 7.96183348e-02
    1.80444000e+02 1.31237283e-01</_>
  <_>
    2.13773060e+01 1.01076088e+02 1.95231361e+01 6.75499365e-02
    9.08353882e+01 1.79664772e-02</_>
  <_>
    3.13249454e+01 7.53440247e+01 2.08746300e+01 1.47294447e-01
    2.87329285e+02 2.78144747e-01</_>
  <_>
    3.26482887e+01 1.00232826e+02 1.86813946e+01 7.06039071e-02
    3.07042236e+02 1.90053284e-01</_>
  <_>
    4.15085869e+01 1.04024574e+02 1.89886303e+01 4.87075150e-02
    9.03173294e+01 2.70464346e-02</_>
  <_>
    4.10842476e+01 2.33273678e+01 1.87425900e+01 5.02814278e-02
    3.47950226e+02 1.60225138e-01</_>
  <_>
    3.04890804e+01 2.60012474e+01 1.89496098e+01 6.60085455e-02
    6.69227142e+01 1.51024014e-01</_>
  <_>
    3.39072609e+01 2.60355587e+01 1.93837833e+01 7.96308517e-02
    2.86273041e+02 1.88134477e-01</_>
  <_>
    2.65063305e+01 7.69157333e+01 2.08354721e+01 1.39709994e-01
    1.66785324e+02 2.09425554e-01</_>
  <_>
    2.11048775e+01 5.56385002e+01 1.95000000e+01 7.97598585e-02
    3.50616638e+02 1.50600344e-01</_>
  <_>
    4.09141464e+01 4.91840019e+01 1.98811493e+01 9.97555777e-02
    3.50075775e+02 2.22120374e-01</_>
  <_>
    2.28911896e+01 4.94824867e+01 2.07638988e+01 1.26637012e-01
    8.92383728e+01 1.78650856e-01</_>
  <_>
    3.18316708e+01 1.02490219e+02 1.92956276e+01 7.61758685e-02
    1.00270643e+01 8.61451924e-02</_>
  <_>
    3.06874847e+01 7.72766342e+01 2.16518135e+01 1.60668373e-01
    1.04908928e+02 1.55955434e-01</_>
  <_>
    4.14294319e+01 2.73323669e+01 1.94485779e+01 7.50775039e-02
    9.17721176e+01 9.58350152e-02</_>
  <_>
    3.04545708e+01 2.79445896e+01 1.88989277e+01 7.19847232e-02
    2.32825928e+02 2.88967252e-01</_>
  <_>
    3.15767860e+01 9.32801285e+01 1.92171688e+01 9.60819051e-02
    3.70592041e+01 2.19925180e-01</_>
  <_>
    2.23623486e+01 5.06318283e+01 2.00299969e+01 1.01443864e-01
    2.75644775e+02 8.31466317e-02</_>
  <_>
    2.12010365e+01 1.01024223e+02 1.88384094e+01 5.49589396e-02
    2.71329102e+02 1.50473788e-01</_>
  <_>
    2.02633476e+01 3.35487900e+01 1.90563145e+01 6.78645968e-02
    1.09417324e+01 1.25942573e-01</_>
  <_>
    3.28361893e+01 5.52526665e+01 1.93071671e+01 1.03071675e-01
    3.67190819e+01 3.23321968e-01</_>
  <_>
    3.39880562e+01 4.99571381e+01 2.02019348e+01 1.18846089e-01
    2.99023590e+02 2.55139053e-01</_>
  <_>
    3.00547485e+01 7.67303925e+01 1.91217461e+01 9.37267616e-02
    1.37425934e+02 3.06223661e-01</_>
  <_>
    4.22853508e+01 6.14189262e+01 1.91550598e+01 6.73286170e-02
    1.81950348e+02 1.44450486e-01</_>
  <_>
    3.29052010e+01 4.09482002e+01 2.04196148e+01 1.29756913e-01
    3.27297455e+02 2.95892715e-01</_>
  <_>
    4.13384819e+01 5.77943954e+01 2.00392170e+01 9.24170613e-02
    8.95330887e+01 1.93601891e-01</_>
  <_>
    3.34130669e+01 2.48420944e+01 1.87653408e+01 5.72944283e-02
    1.52332291e+02 2.41025642e-01</_>
  <_>
    3.74456635e+01 7.59997940e+01 2.02866154e+01 1.20769225e-01
    3.50332153e+02 1.72923073e-01</_>
  <_>
    2.22172146e+01 2.36854591e+01 1.89822235e+01 5.99578172e-02
    9.32740173e+01 9.79210585e-02</_>
  <_>
    2.27847481e+01 4.90714607e+01 2.00598640e+01 1.04820624e-01
    1.81724335e+02 2.04260081e-01</_></centroids>
</opencv_storage>
