<?xml version="1.0"?>
<opencv_storage>
<centroids>
  <_>
    4.22335167e+01 5.44208145e+01 1.91789627e+01 7.07599595e-02
    3.48791809e+02 2.12438524e-01</_>
  <_>
    2.12390690e+01 1.02132446e+02 1.92573242e+01 5.75881526e-02
    8.65515518e+01 3.32706980e-02</_>
  <_>
    2.37841129e+01 2.66600723e+01 1.95448933e+01 8.44117031e-02
    1.98322723e+02 2.07644835e-01</_>
  <_>
    4.06770172e+01 5.26942520e+01 1.95786533e+01 9.38032046e-02
    1.18623610e+01 2.70343900e-01</_>
  <_>
    3.43225784e+01 2.41170712e+01 1.84896011e+01 5.42826913e-02
    1.20130318e+02 2.33345076e-01</_>
  <_>
    4.19348831e+01 5.50737915e+01 1.93129406e+01 7.10957125e-02
    2.68206207e+02 8.16107094e-02</_>
  <_>
    3.99019547e+01 8.71771164e+01 2.12507286e+01 1.31073058e-01
    9.24749908e+01 6.07013851e-02</_>
  <_>
    2.12841930e+01 1.02565674e+02 1.88375053e+01 5.62242642e-02
    1.74821503e+02 1.09914482e-01</_>
  <_>
    2.76177235e+01 7.65391541e+01 2.04568863e+01 1.34075433e-01
    1.58901474e+02 2.28443265e-01</_>
  <_>
    3.40653534e+01 1.02573540e+02 1.89342518e+01 6.61536381e-02
    3.50836884e+02 1.42162830e-01</_>
  <_>
    3.38546219e+01 6.48699951e+01 1.98789368e+01 1.11504421e-01
    2.39277069e+02 2.89203525e-01</_>
  <_>
    3.29864349e+01 1.02571297e+02 1.87171707e+01 6.84232935e-02
    2.92316772e+02 1.53846160e-01</_>
  <_>
    3.24669228e+01 1.03146095e+02 1.91050129e+01 7.15940967e-02
    1.17066069e+01 8.67178887e-02</_>
  <_>
    2.95274525e+01 2.36087074e+01 1.86814785e+01 5.59701510e-02
    2.99273529e+02 2.35074624e-01</_>
  <_>
    4.08431129e+01 2.55654240e+01 1.88377571e+01 5.99542335e-02
    1.07804651e+01 1.86270028e-01</_>
  <_>
    2.12259331e+01 7.85690536e+01 1.98704243e+01 7.61160702e-02
    9.25686035e+01 8.72767866e-02</_>
  <_>
    4.04297523e+01 4.42019310e+01 2.02553654e+01 1.09532826e-01
    8.49218063e+01 1.58143938e-01</_>
  <_>
    3.11751976e+01 6.32298546e+01 1.98684216e+01 1.18513070e-01
    3.23469666e+02 2.58741260e-01</_>
  <_>
    4.13487206e+01 2.50507717e+01 1.86543732e+01 5.14033958e-02
    2.75653381e+02 1.87989563e-01</_>
  <_>
    4.10580330e+01 2.69778042e+01 1.93232841e+01 7.57828131e-02
    3.49822754e+02 1.69220522e-01</_>
  <_>
    4.17219849e+01 1.04959694e+02 1.86416950e+01 3.71217206e-02
    8.53110886e+01 2.75722928e-02</_>
  <_>
    2.75110912e+01 1.01453941e+02 1.89628639e+01 7.54947960e-02
    2.01456726e+02 1.88328907e-01</_>
  <_>
    2.14515400e+01 2.95004292e+01 1.94026203e+01 7.91599378e-02
    1.02467442e+01 1.39113262e-01</_>
  <_>
    2.44100533e+01 4.00330811e+01 2.09657211e+01 1.38592750e-01
    2.78054962e+02 1.64835170e-01</_>
  <_>
    3.90331001e+01 4.69953651e+01 1.94234333e+01 9.17686373e-02
    1.63876984e+02 1.42380431e-01</_>
  <_>
    3.37899475e+01 9.68702316e+01 1.89857407e+01 8.03231969e-02
    3.24508209e+02 2.16254756e-01</_>
  <_>
    3.10575714e+01 7.83054123e+01 1.97665653e+01 1.09415866e-01
    1.20267532e+02 2.60680050e-01</_>
  <_>
    3.16078777e+01 7.86868134e+01 2.01838017e+01 1.15132853e-01
    3.50307739e+02 1.60313189e-01</_>
  <_>
    3.02582531e+01 5.08750114e+01 2.07487431e+01 1.30473793e-01
    1.07880508e+02 2.48025835e-01</_>
  <_>
    3.98760300e+01 4.56172829e+01 2.02604046e+01 1.09026961e-01
    1.86697617e+02 1.92848757e-01</_>
  <_>
    3.07242813e+01 1.03121277e+02 1.89998341e+01 6.84999973e-02
    1.09730606e+02 3.66666652e-02</_>
  <_>
    3.28657150e+01 3.16914921e+01 1.97851009e+01 9.89178717e-02
    3.24456146e+02 2.89123207e-01</_>
  <_>
    2.14816704e+01 5.48665657e+01 1.98248367e+01 8.82804841e-02
    8.50136566e+01 1.81170553e-01</_>
  <_>
    2.30971203e+01 6.20785675e+01 1.98761559e+01 9.84572172e-02
    2.76412903e+02 1.23702660e-01</_>
  <_>
    3.24792252e+01 9.96605911e+01 1.89384251e+01 8.17421153e-02
    1.46062286e+02 1.76142454e-01</_>
  <_>
    4.09459190e+01 2.23158913e+01 1.87054920e+01 4.88012247e-02
    9.23135910e+01 1.03213742e-01</_>
  <_>
    2.42714653e+01 4.98936768e+01 2.11106071e+01 1.46466941e-01
    2.56012207e+02 8.12528357e-02</_>
  <_>
    4.12878761e+01 2.96193237e+01 1.86579132e+01 6.08737171e-02
    2.15550232e+02 3.03891152e-01</_>
  <_>
    3.00331516e+01 9.88802795e+01 1.87560616e+01 7.12293535e-02
    2.38409134e+02 1.73567906e-01</_>
  <_>
    3.27260094e+01 8.29524994e+01 1.95698719e+01 1.09248795e-01
    3.24759064e+01 2.33441040e-01</_>
  <_>
    4.04990158e+01 9.89175415e+01 1.94288864e+01 8.44514593e-02
    1.77067535e+02 1.21389106e-01</_>
  <_>
    4.03408012e+01 2.88209438e+01 1.92094803e+01 7.44420886e-02
    2.51724976e+02 1.95634469e-01</_>
  <_>
    3.23545418e+01 5.45463486e+01 1.92079372e+01 9.28840637e-02
    5.06590118e+01 2.95499891e-01</_>
  <_>
    3.12517891e+01 1.02451942e+02 1.86347446e+01 5.94494566e-02
    5.61719055e+01 1.51052505e-01</_>
  <_>
    2.08363895e+01 5.61926003e+01 1.88234386e+01 6.86198920e-02
    1.19890804e+01 1.63839623e-01</_>
  <_>
    2.16617069e+01 2.59897766e+01 1.94986935e+01 7.71461725e-02
    9.18400116e+01 8.32366571e-02</_>
  <_>
    3.10751705e+01 7.62092056e+01 2.05773525e+01 1.40035197e-01
    2.94030914e+02 3.29160959e-01</_>
  <_>
    2.15684280e+01 2.42870483e+01 1.85034714e+01 4.60226163e-02
    3.48672760e+02 1.58500299e-01</_>
  <_>
    2.11351604e+01 5.32328911e+01 1.93704548e+01 7.69126415e-02
    1.79092102e+02 1.95062399e-01</_>
  <_>
    4.04336624e+01 6.67409210e+01 2.05610809e+01 1.14756025e-01
    8.99048309e+01 1.67313352e-01</_>
  <_>
    2.35772018e+01 2.90816727e+01 1.91678696e+01 8.04289505e-02
    2.32851639e+02 2.82326251e-01</_>
  <_>
    2.26751347e+01 7.87441177e+01 2.03789482e+01 1.12689137e-01
    2.63157013e+02 2.09185019e-01</_>
  <_>
    3.36702499e+01 7.49967117e+01 2.02285709e+01 1.28110602e-01
    2.09636887e+02 2.64055312e-01</_>
  <_>
    2.16019745e+01 2.67233067e+01 1.89750004e+01 6.71232864e-02
    1.74593246e+02 1.53424665e-01</_>
  <_>
    2.90866280e+01 5.24648590e+01 1.90572681e+01 8.37004408e-02
    1.38937210e+02 3.34542602e-01</_>
  <_>
    3.24361916e+01 7.97109375e+01 2.08109055e+01 1.34569660e-01
    7.01168289e+01 1.66270405e-01</_>
  <_>
    4.14367027e+01 1.03160667e+02 1.86267395e+01 4.83431369e-02
    2.67169739e+02 1.55357912e-01</_>
  <_>
    4.09935799e+01 7.88914566e+01 1.99261341e+01 9.47527289e-02
    2.69555634e+02 2.18824700e-01</_>
  <_>
    4.16229210e+01 2.32392502e+01 1.85766315e+01 4.56605665e-02
    1.78851395e+02 1.43528625e-01</_>
  <_>
    2.48976955e+01 5.14162445e+01 2.01301975e+01 1.27385974e-01
    2.09257660e+02 2.83504099e-01</_>
  <_>
    2.18187714e+01 2.29017830e+01 1.84957161e+01 4.03615423e-02
    2.64415131e+02 1.42590001e-01</_>
  <_>
    4.13252144e+01 6.95561295e+01 1.96023579e+01 8.66370425e-02
    1.80992767e+02 1.57211199e-01</_>
  <_>
    3.61963425e+01 4.89210892e+01 2.01782322e+01 1.15230098e-01
    2.98480743e+02 2.53104478e-01</_>
  <_>
    2.90208187e+01 2.39257069e+01 1.86922588e+01 5.68513125e-02
    6.49708176e+01 1.67800456e-01</_>
  <_>
    2.23939877e+01 5.00492783e+01 2.01521225e+01 1.08039454e-01
    3.50505127e+02 1.79916322e-01</_>
  <_>
    2.24479465e+01 7.90774460e+01 2.00376625e+01 1.03123598e-01
    1.84066101e+02 1.39739946e-01</_>
  <_>
    3.45943451e+01 8.01403427e+01 2.06795979e+01 1.29454017e-01
    8.62550449e+00 1.58620685e-01</_>
  <_>
    3.35912018e+01 2.46287289e+01 1.86914959e+01 5.43499514e-02
    1.48871567e+02 2.60606050e-01</_>
  <_>
    2.84737568e+01 2.57773323e+01 1.84814968e+01 5.78871183e-02
    3.67689323e+01 2.60285288e-01</_>
  <_>
    2.12232628e+01 1.02507858e+02 1.86901779e+01 4.85531464e-02
    2.68460388e+02 1.33277684e-01</_></centroids>
</opencv_storage>
