<?xml version="1.0"?>
<opencv_storage>
<centroids>
  <_>
    -5.64628572e-04 -3.77278135e-04 5.26068686e-03 2.97028408e-03
    1.04445554e-02 -3.20057408e-03 3.92627269e-02 2.33937446e-02
    1.24503570e-02 8.56086728e-04 4.77192737e-02 2.88647283e-02
    2.37525193e-04 4.01749188e-04 6.38895761e-03 4.79517505e-03
    -5.17169340e-03 -2.91447062e-03 3.33258584e-02 2.52912827e-02
    1.07283093e-01 6.61483966e-04 2.79718697e-01 1.63110241e-01
    1.17425695e-01 3.45349871e-02 3.57603520e-01 2.03869849e-01
    -6.84911283e-05 5.79295307e-03 4.59123403e-02 3.66688855e-02
    -3.39922472e-03 1.92336540e-03 3.23492773e-02 2.36567408e-02
    1.24086231e-01 1.02652498e-02 2.97966808e-01 1.54863715e-01
    1.21911436e-01 -3.97018902e-03 3.70625764e-01 1.91424847e-01
    -6.02895743e-04 2.65520182e-04 4.79617305e-02 3.63348611e-02
    -2.08189580e-04 6.60774065e-04 4.96782269e-03 3.98695702e-03
    1.33764576e-02 2.26457487e-03 4.16561402e-02 2.90189944e-02
    1.50640346e-02 -2.48604384e-03 5.00464849e-02 3.51103172e-02
    8.18660628e-05 -5.99328370e-04 6.82114391e-03 5.75915445e-03
    2.15983562e+01 5.23736839e+01 1.96513157e+01 8.36844444e-02
    2.76846558e+02 7.56937414e-02</_>
  <_>
    -1.09728760e-04 -2.04347234e-04 5.64042106e-03 3.19138751e-03
    1.40014011e-02 -1.70244777e-03 4.57824916e-02 1.89103596e-02
    1.78109407e-02 8.43062764e-04 5.24995476e-02 1.75343622e-02
    1.23502861e-04 1.13470858e-04 6.30620494e-03 2.39568856e-03
    -1.93855946e-03 -1.66820106e-03 3.73029709e-02 2.53367443e-02
    1.13490857e-01 -7.88243022e-03 3.17085117e-01 1.41906038e-01
    1.37921005e-01 6.28864765e-03 3.73921692e-01 1.33821025e-01
    -8.33736558e-04 9.11172130e-04 4.33695540e-02 1.98773630e-02
    -2.05250969e-03 1.62321760e-03 3.72580141e-02 2.54841689e-02
    1.10525779e-01 4.98691341e-03 3.08620602e-01 1.42710820e-01
    1.36322305e-01 -1.47227179e-02 3.72981310e-01 1.39715835e-01
    -8.61150853e-04 -2.69123423e-03 4.27393652e-02 2.11472362e-02
    -1.42548073e-04 3.21936153e-04 5.51916845e-03 4.01525060e-03
    1.26579423e-02 1.57447241e-03 4.37617823e-02 2.39218865e-02
    1.66425630e-02 -1.70137326e-03 4.97843139e-02 2.30993312e-02
    2.38588676e-04 -2.76453269e-04 6.00166898e-03 3.24275158e-03
    4.20367775e+01 7.76163177e+01 1.96980820e+01 7.05705732e-02
    8.89299622e+01 1.06722109e-01</_>
  <_>
    -2.63994036e-04 -4.57650749e-04 3.86192673e-03 4.62487945e-03
    9.61730350e-03 -2.95165624e-03 3.94956768e-02 3.00694015e-02
    1.02747753e-02 2.22749170e-03 4.52573821e-02 3.27365957e-02
    -3.99073440e-04 6.51779294e-04 5.96632389e-03 5.07969735e-03
    -3.91518651e-03 -1.09878194e-03 2.62854993e-02 2.75767874e-02
    9.62074250e-02 -4.34964197e-03 2.89243281e-01 1.67572200e-01
    1.06405862e-01 2.06802282e-02 3.61684173e-01 2.02618897e-01
    -6.65443577e-03 2.75090639e-03 4.42106687e-02 3.41813006e-02
    -4.42109816e-03 2.84811552e-03 2.68353000e-02 2.72056758e-02
    9.79091302e-02 1.08769443e-02 2.91344434e-01 1.73391312e-01
    1.05773985e-01 -1.34115452e-02 3.69457096e-01 2.09909484e-01
    -5.38812671e-03 -1.40786637e-03 4.46152389e-02 3.56813036e-02
    -4.95024433e-04 4.87960788e-04 3.91169917e-03 3.80034000e-03
    8.87415837e-03 2.90113222e-03 3.89544331e-02 2.53111720e-02
    1.09459115e-02 -2.34083994e-03 4.66353148e-02 2.88335327e-02
    -2.67032185e-04 -3.62154999e-04 6.26107724e-03 4.48497944e-03
    4.08488007e+01 2.44754543e+01 1.91034164e+01 6.60676509e-02
    1.81115189e+02 1.33192390e-01</_>
  <_>
    -1.60399257e-04 -5.75003505e-04 3.77776800e-03 4.72850073e-03
    9.96285025e-03 -2.74148583e-03 4.04747352e-02 3.15549970e-02
    1.32021699e-02 3.25147738e-03 4.72293496e-02 3.62759866e-02
    -4.35095892e-04 4.88401274e-04 6.64144754e-03 5.68226213e-03
    -2.53892783e-03 -3.59529140e-03 2.72934623e-02 2.97728535e-02
    9.73670259e-02 -2.27737240e-02 2.94929087e-01 1.80684820e-01
    1.23270698e-01 -3.07524274e-03 3.64765435e-01 2.09989786e-01
    -5.40805748e-03 -9.32448253e-04 4.75994498e-02 3.77485454e-02
    -3.50200711e-03 3.31936491e-04 2.91598756e-02 2.86612269e-02
    9.19188783e-02 -8.85366055e-04 2.85406560e-01 1.66803285e-01
    1.17069900e-01 -2.80513596e-02 3.63817990e-01 1.98804900e-01
    -3.74094420e-03 -5.53963054e-03 4.51525189e-02 3.35273892e-02
    -3.46210232e-04 5.27322642e-04 4.57482785e-03 4.90779802e-03
    9.31578130e-03 2.31391843e-03 3.95228304e-02 3.20312567e-02
    1.05972346e-02 -3.95620288e-03 4.60794568e-02 3.52236517e-02
    -2.47581629e-04 -8.73757410e-04 6.18404523e-03 5.42448275e-03
    2.20404549e+01 3.69703598e+01 1.99871750e+01 1.00491919e-01
    3.52176819e+02 1.52846098e-01</_>
  <_>
    -8.71588127e-05 -6.14254095e-04 3.95213673e-03 4.47215140e-03
    7.54388422e-03 -1.53601903e-03 3.86923738e-02 3.20372581e-02
    1.14777926e-02 5.83561929e-03 4.28776033e-02 3.60569991e-02
    3.17385420e-04 1.09700684e-03 6.52508857e-03 5.44599164e-03
    -3.38585861e-03 -3.63344140e-03 2.83835810e-02 2.70142369e-02
    1.08934969e-01 -1.94508638e-02 2.87370712e-01 1.91704497e-01
    1.22179404e-01 1.62860435e-02 3.52662772e-01 2.34275475e-01
    -6.02615625e-03 1.55988953e-03 4.64266874e-02 3.88447978e-02
    -4.41895658e-03 1.24546583e-03 2.89626233e-02 2.56964099e-02
    1.01709761e-01 -5.41051757e-03 2.70235389e-01 1.73796818e-01
    1.22017242e-01 -4.06614728e-02 3.46092999e-01 2.20778793e-01
    -5.65983681e-03 -7.55097857e-03 4.43495736e-02 3.66997235e-02
    -1.57776696e-04 3.14884936e-04 4.34033107e-03 3.41891265e-03
    7.62091856e-03 3.11614876e-03 3.54965180e-02 2.65831091e-02
    1.04781697e-02 -4.94322553e-03 4.11686637e-02 3.24455127e-02
    5.57671483e-05 -1.00112206e-03 6.17960421e-03 5.35967620e-03
    2.84319801e+01 2.38833294e+01 1.88401394e+01 6.18436374e-02
    6.62757874e+01 1.46857813e-01</_>
  <_>
    -1.11958396e-03 -8.48459138e-04 5.37421834e-03 4.71293041e-03
    7.68877380e-03 -6.14841934e-03 4.11728136e-02 2.99012195e-02
    1.45037491e-02 -1.03055406e-03 4.42970619e-02 3.37463804e-02
    5.98146471e-05 -3.98127013e-05 4.14758781e-03 5.35044214e-03
    -9.23338439e-03 -4.03798884e-03 3.71025577e-02 2.73647495e-02
    8.71706232e-02 -9.89845861e-03 3.00137490e-01 1.57576755e-01
    1.25614718e-01 1.23244012e-02 3.51752222e-01 1.89171225e-01
    -1.75618043e-03 1.16557849e-03 3.07379849e-02 3.37054059e-02
    -9.42159817e-03 -9.08129325e-04 3.53564210e-02 2.57327110e-02
    1.00281380e-01 -8.25856440e-03 2.91047335e-01 1.51740372e-01
    1.26744315e-01 -1.56566389e-02 3.63565922e-01 1.98740661e-01
    -2.23619118e-03 -2.63189361e-03 3.32348347e-02 3.67093831e-02
    -8.97874008e-04 7.28354731e-04 5.07661561e-03 4.57928469e-03
    1.08214160e-02 6.41080691e-03 3.90978344e-02 3.08725759e-02
    1.42519521e-02 -8.56167695e-04 4.85510677e-02 3.75926942e-02
    -9.04061526e-05 -1.87111480e-04 5.09749399e-03 5.96509315e-03
    2.32217064e+01 8.47391510e+01 2.05510426e+01 1.22143678e-01
    1.80714020e+02 1.36281431e-01</_>
  <_>
    -3.72015347e-04 -1.32807204e-03 5.97102661e-03 5.74018154e-03
    2.90937559e-03 -1.00684455e-02 3.98452096e-02 3.79347280e-02
    8.08140729e-03 2.44403171e-04 4.24237140e-02 3.92938405e-02
    2.35528903e-04 6.46821631e-04 6.06351206e-03 5.99993672e-03
    -6.58638822e-03 -5.07875532e-03 3.66045386e-02 3.27888392e-02
    6.50961846e-02 -3.08767185e-02 2.58391559e-01 2.01638296e-01
    1.31209254e-01 1.23906387e-02 3.57689649e-01 2.64135480e-01
    -3.42857279e-03 6.02931436e-03 5.02606928e-02 4.90663648e-02
    -5.82863018e-03 1.46629021e-03 3.45014296e-02 3.13638858e-02
    6.80061057e-02 1.32778697e-02 2.54091084e-01 1.96954563e-01
    1.39058933e-01 -2.36207005e-02 3.66103113e-01 2.67563194e-01
    -6.10683626e-03 -7.18270801e-03 5.14505319e-02 4.98029515e-02
    -3.16783000e-04 5.83368528e-04 5.05154207e-03 4.84144688e-03
    4.68304381e-03 4.31518769e-03 3.79324704e-02 3.44149582e-02
