<?xml version="1.0"?>
<opencv_storage>
<centroids>
  <_>
    2.50346584e+01 1.03085014e+02 1.86132317e+01 5.70498928e-02
    1.97657516e+02 1.61822125e-01</_>
  <_>
    2.21347904e+01 9.78480225e+01 1.92518692e+01 7.64793828e-02
    1.08581905e+01 9.80559736e-02</_>
  <_>
    3.40988388e+01 9.89238129e+01 1.89195271e+01 7.77259022e-02
    3.17440857e+02 2.06811309e-01</_>
  <_>
    2.12088909e+01 5.52599106e+01 1.97798061e+01 8.22666436e-02
    8.98329468e+01 1.77908808e-01</_>
  <_>
    2.31902485e+01 2.85834351e+01 1.92193661e+01 7.70970434e-02
    2.07649704e+02 2.30674341e-01</_>
  <_>
    4.03759041e+01 2.69317417e+01 1.91777248e+01 7.15806708e-02
    2.79927826e+02 1.85913190e-01</_>
  <_>
    4.19386711e+01 4.61320610e+01 1.89395161e+01 6.07940443e-02
    1.74298904e+02 1.07940443e-01</_>
  <_>
    2.08129845e+01 3.08264332e+01 1.91932621e+01 7.40864947e-02
    1.11833515e+01 1.33087501e-01</_>
  <_>
    2.11428833e+01 1.02205284e+02 1.93027706e+01 5.75903617e-02
    8.77549286e+01 2.36144569e-02</_>
  <_>
    4.00263557e+01 5.51329765e+01 1.87700043e+01 7.33177140e-02
    1.42513565e+02 2.73518592e-01</_>
  <_>
    2.15456047e+01 7.72498703e+01 1.96582222e+01 8.36101919e-02
    2.69326630e+02 2.15116277e-01</_>
  <_>
    3.89194756e+01 7.67224884e+01 2.01150799e+01 1.15417160e-01
    3.50159607e+02 1.71094939e-01</_>
  <_>
    2.35843983e+01 2.38902321e+01 1.86448421e+01 5.01700677e-02
    3.28774933e+02 2.53401369e-01</_>
  <_>
    4.18800278e+01 7.00594330e+01 1.93298168e+01 7.65454546e-02
    1.80533417e+02 1.46545455e-01</_>
  <_>
    2.19024868e+01 1.03740738e+02 1.88031654e+01 5.69832399e-02
    1.71473709e+02 9.98137817e-02</_>
  <_>
    2.70941124e+01 4.67787819e+01 1.95007057e+01 9.65828896e-02
    6.44021225e+01 2.32420221e-01</_>
  <_>
    2.26629887e+01 6.12701836e+01 2.02530193e+01 1.13640338e-01
    1.75618423e+02 2.13097528e-01</_>
  <_>
    4.00671082e+01 8.62936630e+01 2.08176746e+01 1.20713681e-01
    8.29552841e+01 6.57931417e-02</_>
  <_>
    2.23802986e+01 2.77518253e+01 1.88578072e+01 6.40185922e-02
    2.95099701e+02 2.30509192e-01</_>
  <_>
    2.26543121e+01 5.04800224e+01 2.01484680e+01 1.06222160e-01
    2.75162598e+02 5.87123744e-02</_>
  <_>
    2.26245289e+01 3.03980713e+01 1.93453560e+01 8.27114433e-02
    2.40578644e+02 2.43366495e-01</_>
  <_>
    2.05300198e+01 6.04845924e+01 1.87989788e+01 6.42416477e-02
    1.09042263e+01 1.74218252e-01</_>
  <_>
    4.10092850e+01 2.19542294e+01 1.85904827e+01 4.57835719e-02
    9.57312622e+01 1.10025339e-01</_>
  <_>
    2.13150597e+01 5.96180305e+01 1.95500374e+01 8.30244645e-02
    3.50556732e+02 1.48257971e-01</_>
  <_>
    3.95701485e+01 4.27628098e+01 2.08542271e+01 1.32854864e-01
    8.84630356e+01 1.45135567e-01</_>
  <_>
    2.59950733e+01 7.08320923e+01 2.00610867e+01 1.19782612e-01
    2.94438873e+02 3.34347844e-01</_>
  <_>
    2.14428234e+01 7.91993103e+01 1.99402637e+01 7.77601451e-02
    9.02533112e+01 9.18159112e-02</_>
  <_>
    3.90006676e+01 6.60606537e+01 2.16049957e+01 1.49865389e-01
    9.71132965e+01 1.64522886e-01</_>
  <_>
    3.83534088e+01 7.72655029e+01 2.08315907e+01 1.38464019e-01
    1.10261889e+01 1.90146521e-01</_>
  <_>
    3.99303017e+01 4.61499786e+01 2.04142189e+01 1.22543611e-01
    2.00360016e+02 2.72245526e-01</_>
  <_>
    4.10404320e+01 1.02580498e+02 1.87581978e+01 5.66660203e-02
    3.49101471e+02 1.47292838e-01</_>
  <_>
    3.78917046e+01 7.80999069e+01 2.08007908e+01 1.39392853e-01
    2.53366196e+02 2.69624561e-01</_>
  <_>
    2.80339394e+01 7.94086533e+01 2.04898376e+01 1.37236625e-01
    1.57027130e+02 2.10516497e-01</_>
  <_>
    4.18294182e+01 1.04381828e+02 1.82265682e+01 3.45830657e-02
    2.66139282e+02 1.41887531e-01</_>
  <_>
    2.71322327e+01 7.73281250e+01 1.97501965e+01 1.08553499e-01
    6.20987015e+01 2.37248242e-01</_>
  <_>
    2.18802052e+01 9.63998413e+01 1.91915951e+01 8.10344815e-02
    3.49557526e+02 1.47413790e-01</_>
  <_>
    2.19178123e+01 4.47804680e+01 1.90286369e+01 7.97304884e-02
    1.54396027e+02 3.23975295e-01</_>
  <_>
    3.93759193e+01 4.93457794e+01 1.98449478e+01 1.03429407e-01
    9.30985928e+00 2.47354984e-01</_>
  <_>
    2.17125778e+01 6.24567032e+01 1.92100697e+01 7.86885247e-02
    1.99907135e+02 2.42154568e-01</_>
  <_>
    3.89412651e+01 4.46177597e+01 2.11561813e+01 1.45181283e-01
    2.57934052e+02 1.08769752e-01</_>
  <_>
    3.69817581e+01 2.47163162e+01 1.89804668e+01 6.32299632e-02
    1.54669128e+02 2.15465173e-01</_>
  <_>
    4.07114677e+01 6.45784607e+01 1.96311073e+01 8.47457647e-02
    7.81758347e+01 1.80857435e-01</_>
  <_>
    2.89314022e+01 9.95334091e+01 1.85340595e+01 6.36611357e-02
    2.34316620e+02 1.76120877e-01</_>
  <_>
    3.02222424e+01 1.02879860e+02 1.89181938e+01 7.04110712e-02
    2.88335236e+02 1.62800163e-01</_>
  <_>
    3.21223412e+01 1.03254318e+02 1.90518742e+01 7.00825751e-02
    6.50550308e+01 1.07770480e-01</_>
  <_>
    2.75820484e+01 2.46648273e+01 1.82978020e+01 5.10161743e-02
    4.06289978e+01 2.49688923e-01</_>
  <_>
    3.83467827e+01 5.03285637e+01 2.04264278e+01 1.25911623e-01
    2.95804169e+02 2.32089236e-01</_>
  <_>
    3.90266151e+01 8.87288132e+01 2.12013493e+01 1.39435872e-01
    1.01606186e+02 8.74578655e-02</_>
  <_>
    4.10389290e+01 2.37246246e+01 1.86696987e+01 4.68068980e-02
    3.48681793e+02 1.58612847e-01</_>
  <_>
    4.06929016e+01 2.23976078e+01 1.81308041e+01 3.66915427e-02
    2.57078674e+02 1.55058041e-01</_>
  <_>
    2.35952244e+01 8.39379349e+01 2.05113373e+01 1.23492524e-01
    1.81596542e+02 1.35873929e-01</_>
  <_>
    2.13956089e+01 1.02127701e+02 1.88334999e+01 5.48280291e-02
    2.65088409e+02 1.24766149e-01</_>
  <_>
    4.08116684e+01 4.93813782e+01 1.98960361e+01 9.94249433e-02
    3.49747528e+02 2.20036328e-01</_>
  <_>
    3.07062664e+01 6.08202095e+01 1.99763603e+01 1.24476992e-01
    2.27952942e+02 2.82845199e-01</_>
  <_>
    4.16636658e+01 1.06042938e+02 1.85297527e+01 3.19845267e-02
    8.93744812e+01 2.91579887e-02</_>
  <_>
    2.62833652e+01 7.43052292e+01 1.93861198e+01 9.43060443e-02
    1.20886864e+02 2.55719364e-01</_>
  <_>
    3.46633263e+01 5.71039848e+01 1.93992748e+01 1.06280193e-01
    3.68408813e+01 3.29468578e-01</_>
  <_>
    3.64979973e+01 8.25907288e+01 2.06849384e+01 1.45348832e-01
    2.06634949e+02 2.60243624e-01</_>
  <_>
    3.30972939e+01 6.97780457e+01 1.98403606e+01 1.16347238e-01
    3.23336182e+02 2.78466761e-01</_>
  <_>
    3.38505898e+01 2.26677532e+01 1.82384834e+01 4.50923219e-02
    1.25148224e+02 2.68804669e-01</_>
  <_>
    2.17381897e+01 2.52059708e+01 1.89698334e+01 5.59379123e-02
    2.66667267e+02 1.79089174e-01</_>
  <_>
    2.20791092e+01 3.10167065e+01 1.95312271e+01 8.52779672e-02
    3.52026581e+02 1.59917638e-01</_>
  <_>
    3.23879890e+01 9.32869797e+01 1.94086876e+01 1.00177303e-01
    3.56425438e+01 1.93705663e-01</_>
  <_>
    3.11804962e+01 4.49436073e+01 2.07906609e+01 1.47470817e-01
    3.25616364e+02 2.98443586e-01</_>
  <_>
    3.15198822e+01 2.23559284e+01 1.87580814e+01 5.64831272e-02
    6.83834610e+01 1.60568386e-01</_>
  <_>
    4.00627480e+01 2.39263401e+01 1.87640591e+01 5.48807941e-02
    1.20327539e+01 1.94781840e-01</_>
  <_>
    2.14577141e+01 2.53310776e+01 1.92699108e+01 6.70998916e-02
    9.20410843e+01 8.93153995e-02</_>
  <_>
    2.93484859e+01 4.48443451e+01 2.00795078e+01 1.15238994e-01
    1.13859329e+02 2.37103641e-01</_>
  <_>
    2.37460613e+01 4.18514671e+01 2.08705025e+01 1.36304706e-01
    1.83642975e+02 2.11345226e-01</_>
  <_>
    4.11815643e+01 1.00201042e+02 1.90393238e+01 6.57732338e-02
    1.76348358e+02 1.16205253e-01</_>
  <_>
    2.67877388e+01 1.03280830e+02 1.88038006e+01 6.07600510e-02
    1.11239662e+02 4.77242582e-02</_>
  <_>
