<?xml version="1.0"?>
<opencv_storage>
<centroids>
  <_>
    3.04291115e+01 3.70593758e+01 1.90535831e+01 7.43243173e-02
    2.11451988e+01 2.13831469e-01</_>
  <_>
    3.14370155e+01 8.71393661e+01 1.95071926e+01 8.61726180e-02
    2.67637634e+02 1.99360669e-01</_>
  <_>
    3.15176888e+01 8.88386078e+01 1.98433247e+01 8.71917382e-02
    9.04377899e+01 9.38363075e-02</_>
  <_>
    2.98965149e+01 8.80996628e+01 1.95545883e+01 9.29817036e-02
    1.77607300e+02 1.71827286e-01</_>
  <_>
    3.19285412e+01 3.75582352e+01 1.94940529e+01 8.63155574e-02
    3.37107941e+02 2.20090970e-01</_>
  <_>
    3.16997356e+01 3.82843933e+01 1.93690872e+01 8.18586648e-02
    1.82357620e+02 2.04170957e-01</_>
  <_>
    3.13985062e+01 3.84230881e+01 1.95826855e+01 8.80813301e-02
    2.65513550e+02 1.59888893e-01</_>
  <_>
    3.31084175e+01 8.71787262e+01 1.93960533e+01 8.78538638e-02
    3.41573151e+02 1.86699346e-01</_>
  <_>
    3.28479462e+01 8.84252930e+01 1.95692577e+01 9.44099873e-02
    1.83174477e+01 1.61457703e-01</_>
  <_>
    3.16541977e+01 3.69134903e+01 1.94902077e+01 8.29132274e-02
    9.45410614e+01 1.75587267e-01</_></centroids>
</opencv_storage>
