<?xml version="1.0"?>
<opencv_storage>
<centroids>
  <_>
    2.20441666e+01 4.47281342e+01 1.99067268e+01 9.16363597e-02
    2.65323181e+02 1.22545451e-01</_>
  <_>
    2.32573242e+01 4.29358253e+01 2.12896633e+01 1.43216074e-01
    9.16121445e+01 1.53266326e-01</_>
  <_>
    2.21459618e+01 5.50644722e+01 1.96393642e+01 8.97573158e-02
    1.69998993e+02 2.45538890e-01</_>
  <_>
    4.13341942e+01 5.31087608e+01 1.95831490e+01 8.25909451e-02
    3.51482697e+02 2.08611742e-01</_>
  <_>
    3.31766586e+01 5.03458176e+01 1.93673763e+01 1.02704257e-01
    3.75776215e+01 3.30840051e-01</_>
  <_>
    4.22157555e+01 9.88358688e+01 1.87409973e+01 5.58728576e-02
    1.06112793e+02 6.38192147e-02</_>
  <_>
    2.32132130e+01 8.57303848e+01 2.06072521e+01 1.22631900e-01
    2.78268280e+02 2.18170702e-01</_>
  <_>
    4.13438873e+01 7.18311844e+01 1.99153328e+01 8.40792358e-02
    9.25804825e+01 1.50110051e-01</_>
  <_>
    2.26124954e+01 4.53316040e+01 2.01044750e+01 1.06640197e-01
    3.51023804e+02 1.91266686e-01</_>
  <_>
    2.98442516e+01 7.39932632e+01 2.03138638e+01 1.33116066e-01
    2.10049866e+02 2.69491106e-01</_>
  <_>
    2.23005428e+01 6.68813400e+01 1.89141331e+01 7.55095258e-02
    3.12342529e+02 3.25760096e-01</_>
  <_>
    2.94167938e+01 1.00289543e+02 1.85438995e+01 7.09984154e-02
    1.32742569e+02 1.91759109e-01</_>
  <_>
    3.99416733e+01 2.53522377e+01 1.84241447e+01 5.87547496e-02
    2.25058853e+02 3.37035954e-01</_>
  <_>
    4.00298843e+01 4.24877396e+01 2.04094372e+01 1.26331806e-01
    2.02764801e+02 2.86656499e-01</_>
  <_>
    2.24210148e+01 5.04842682e+01 1.90149364e+01 7.62160122e-02
    1.25208748e+02 3.21332842e-01</_>
  <_>
    4.03499565e+01 8.03067017e+01 2.04957561e+01 1.20452709e-01
    1.08338938e+01 1.66531935e-01</_>
  <_>
    4.11573563e+01 2.33939724e+01 1.84050484e+01 4.47504297e-02
    2.59919556e+02 1.68865934e-01</_>
  <_>
    2.15664539e+01 2.40596466e+01 1.89075699e+01 6.12770356e-02
    1.04186802e+01 1.65293515e-01</_>
  <_>
    3.91384964e+01 8.91448059e+01 2.20025883e+01 1.60327196e-01
    8.61897507e+01 2.14042254e-02</_>
  <_>
    4.15173798e+01 1.03381638e+02 1.87108631e+01 5.09962030e-02
    3.50416870e+02 1.46110058e-01</_>
  <_>
    3.97324944e+01 4.31040993e+01 2.07195568e+01 1.28597781e-01
    2.75253418e+02 1.24354243e-01</_>
  <_>
    3.48002396e+01 1.01228546e+02 1.91405544e+01 7.60705322e-02
    6.12950325e+01 1.36020154e-01</_>
  <_>
    2.97404423e+01 2.40907345e+01 1.85742245e+01 5.66136204e-02
    3.42010040e+01 2.37151071e-01</_>
  <_>
    4.14529991e+01 2.51417999e+01 1.88899975e+01 5.63434288e-02
    3.49567108e+02 1.59448072e-01</_>
  <_>
    4.07953873e+01 6.10150452e+01 1.96499920e+01 8.55808333e-02
    2.65992554e+02 1.15865603e-01</_>
  <_>
    2.24024868e+01 9.93803329e+01 1.91584568e+01 8.25292021e-02
    3.50375031e+02 1.46267146e-01</_>
  <_>
    2.58143749e+01 1.01132584e+02 1.90122566e+01 7.70385191e-02
    2.00987747e+02 1.84092045e-01</_>
  <_>
    2.32343636e+01 6.39611969e+01 2.11762276e+01 1.33856103e-01
    9.09539413e+01 1.65497318e-01</_>
  <_>
    4.02888184e+01 7.52367859e+01 2.02392521e+01 1.15326248e-01
    1.68905685e+02 1.95751131e-01</_>
  <_>
    4.10032959e+01 1.03361465e+02 1.88516006e+01 5.23763336e-02
    2.76826416e+02 1.51115417e-01</_>
  <_>
    2.27180328e+01 9.90711212e+01 1.94769382e+01 8.35203156e-02
    9.13597012e+00 1.04961358e-01</_>
  <_>
    4.08442993e+01 5.40605965e+01 1.95728588e+01 9.23493877e-02
    9.63916111e+00 2.55784869e-01</_>
  <_>
    4.06147842e+01 2.30811806e+01 1.85936375e+01 4.73570898e-02
    2.84302551e+02 1.67663231e-01</_>
  <_>
    4.11748390e+01 2.60973568e+01 1.88876419e+01 6.41271621e-02
    6.86278305e+01 1.35105506e-01</_>
  <_>
    4.03303642e+01 4.46301537e+01 1.99057636e+01 9.79123786e-02
    1.77677231e+02 1.23493090e-01</_>
  <_>
    2.29212780e+01 2.24208469e+01 1.91723328e+01 6.36967570e-02
    8.49578552e+01 9.02696401e-02</_>
  <_>
    2.89830627e+01 7.75015640e+01 2.07614498e+01 1.38673335e-01
    1.13830910e+02 2.03504369e-01</_>
  <_>
    2.17724762e+01 8.42131119e+01 2.00952435e+01 8.67177323e-02
    9.25049896e+01 6.02688231e-02</_>
  <_>
    2.40452137e+01 5.15422707e+01 1.95055656e+01 9.99097154e-02
    6.70736923e+01 2.51278967e-01</_>
  <_>
    2.23441429e+01 2.63562069e+01 1.88658733e+01 6.18481673e-02
    2.42140015e+02 2.19985440e-01</_>
  <_>
    3.96715736e+01 7.04068146e+01 1.93121624e+01 8.61793831e-02
    2.36624451e+02 3.10564965e-01</_>
  <_>
    4.14192429e+01 1.03309364e+02 1.88382359e+01 5.83250262e-02
    9.26046944e+00 7.67696947e-02</_>
  <_>
    2.28339653e+01 2.64725990e+01 1.87026520e+01 5.99063933e-02
    1.48909683e+02 2.82371283e-01</_>
  <_>
    2.29843483e+01 5.60978622e+01 1.99214478e+01 1.00349575e-01
    2.83506073e+02 9.64425206e-02</_>
  <_>
    2.18224640e+01 2.61153851e+01 1.90711670e+01 6.71765879e-02
    1.78082230e+02 1.41004324e-01</_>
  <_>
    4.15036659e+01 8.14527130e+01 1.96348267e+01 8.16435441e-02
    2.67385376e+02 2.17716113e-01</_>
  <_>
    4.05381355e+01 9.84157715e+01 1.94110298e+01 8.70484263e-02
    1.83153946e+02 1.37586474e-01</_>
  <_>
    4.06767616e+01 1.03770668e+02 1.81461277e+01 3.60174961e-02
    2.56658234e+02 1.37123749e-01</_>
  <_>
    4.13872910e+01 2.54067383e+01 1.88060856e+01 5.65895364e-02
    1.60599655e+02 1.87625751e-01</_>
  <_>
    2.22404766e+01 2.31008377e+01 1.89040565e+01 5.46737202e-02
    2.67718414e+02 1.66490301e-01</_>
  <_>
    2.29127636e+01 1.03841377e+02 1.90967617e+01 5.95141686e-02
    1.02039627e+02 2.22672056e-02</_>
  <_>
    2.08851299e+01 1.05814079e+02 1.80554733e+01 2.91970782e-02
    2.68156586e+02 1.36131376e-01</_>
  <_>
    2.85900154e+01 1.00399887e+02 1.85803165e+01 6.53968230e-02
    2.30731995e+02 1.84761897e-01</_>
  <_>
    3.00150261e+01 1.00359184e+02 1.91606388e+01 9.13549960e-02
    3.21254272e+01 1.32434085e-01</_>
  <_>
    4.15740891e+01 6.90409317e+01 1.95308609e+01 8.08192641e-02
    6.97577362e+01 2.00110719e-01</_>
  <_>
    2.17163277e+01 2.90469589e+01 1.86666660e+01 5.65723814e-02
    3.23866211e+02 2.90072113e-01</_>
  <_>
    2.28748417e+01 2.55416088e+01 1.90729713e+01 6.78871050e-02
    2.05533188e+02 2.07729474e-01</_>
  <_>
    2.50144444e+01 4.84541130e+01 1.98995934e+01 1.24353744e-01
    2.22052841e+02 2.94149667e-01</_>
  <_>
    3.72692108e+01 4.66291542e+01 2.09837551e+01 1.49303764e-01
    3.02251465e+02 2.75399685e-01</_>
  <_>
    4.07012367e+01 6.57355804e+01 1.99555969e+01 9.76869017e-02
    1.87210297e+02 1.37546465e-01</_>
  <_>
    3.70561981e+01 4.19841728e+01 2.10573177e+01 1.52242869e-01
    3.31370117e+02 2.73221582e-01</_>
  <_>
    2.13009148e+01 1.03724922e+02 1.86906147e+01 5.09276092e-02
    1.76884491e+02 1.12768278e-01</_>
  <_>
    2.36446495e+01 2.38662510e+01 1.87699032e+01 6.37482852e-02
    1.09513672e+02 1.47469223e-01</_>
  <_>
    3.97574883e+01 7.14253616e+01 2.03567715e+01 1.28915936e-01
    2.89193024e+02 2.78341204e-01</_>
  <_>
    2.17141304e+01 6.99744492e+01 1.96517525e+01 9.27121788e-02
    3.49389343e+02 1.47601485e-01</_>
  <_>
    2.24469299e+01 7.80863190e+01 1.98916950e+01 1.01229571e-01
    1.84895615e+02 1.44685864e-01</_>
  <_>
    4.02612076e+01 2.38034229e+01 1.81566734e+01 4.19708043e-02
    1.27013878e+02 2.69030243e-01</_>
  <_>
    2.21634235e+01 2.32121544e+01 1.78496761e+01 3.01240422e-02
    5.78225937e+01 2.18546972e-01</_>
  <_>
    2.22662716e+01 8.09164047e+01 1.96824093e+01 9.08147395e-02
    7.15188675e+01 1.88894659e-01</_>
  <_>
    2.94272823e+01 7.46362228e+01 1.98203564e+01 1.20840073e-01
    1.43007233e+02 3.07916015e-01</_>
  <_>
    4.13060951e+01 2.71837044e+01 1.91089745e+01 7.24121556e-02
    1.01493225e+01 1.91832855e-01</_>
  <_>
