<?xml version="1.0"?>
<opencv_storage>
<centroids>
  <_>
    3.23144646e+01 6.12939301e+01 1.92313862e+01 9.40182954e-02
    5.05544853e+01 2.90921867e-01</_>
  <_>
    3.23658791e+01 8.43635712e+01 1.94068775e+01 9.79072452e-02
    3.06663086e+02 2.70796090e-01</_>
  <_>
    2.99429913e+01 6.08683243e+01 1.99925861e+01 1.13093697e-01
    2.03835114e+02 2.44375482e-01</_>
  <_>
    3.21056175e+01 9.65296936e+01 1.90980186e+01 7.84384385e-02
    6.02916527e+01 1.57957956e-01</_>
  <_>
    3.05526619e+01 9.28821030e+01 1.95266438e+01 9.62202176e-02
    1.58300079e+02 1.51612088e-01</_>
  <_>
    3.21638527e+01 3.24407997e+01 1.92937737e+01 8.22164565e-02
    3.07677826e+02 2.78570414e-01</_>
  <_>
    3.13916645e+01 1.02088242e+02 1.95179768e+01 6.69532195e-02
    8.86121216e+01 1.98735762e-02</_>
  <_>
    3.15145321e+01 7.70367050e+01 2.02790241e+01 1.09725423e-01
    2.68465607e+02 2.13402569e-01</_>
  <_>
    3.34969864e+01 9.65493774e+01 1.92143021e+01 7.99764320e-02
    3.47743347e+02 1.49863765e-01</_>
  <_>
    3.15960045e+01 2.94776325e+01 1.92942944e+01 7.53510594e-02
    3.46711548e+02 1.88527048e-01</_>
  <_>
    2.91366653e+01 9.65750961e+01 1.93233261e+01 8.01581368e-02
    1.85885391e+02 1.39632151e-01</_>
  <_>
    2.99215012e+01 2.93594189e+01 1.90485897e+01 7.00313225e-02
    1.47184229e+01 1.87469542e-01</_>
  <_>
    3.20964394e+01 2.48402309e+01 1.91940041e+01 7.07058087e-02
    9.77959366e+01 1.17551528e-01</_>
  <_>
    3.24521980e+01 6.02022896e+01 1.98866520e+01 1.02564104e-01
    3.45950531e+02 1.94704056e-01</_>
  <_>
    3.14464397e+01 2.56493740e+01 1.90861950e+01 6.50513396e-02
    2.66681885e+02 1.82356209e-01</_>
  <_>
    3.18480988e+01 2.94280491e+01 1.93025799e+01 7.54716992e-02
    1.82252243e+02 1.67830437e-01</_>
  <_>
    2.96513634e+01 2.50930996e+01 1.85227184e+01 5.18255569e-02
    6.19662781e+01 1.87829614e-01</_>
  <_>
    3.15563526e+01 1.02933495e+02 1.87417793e+01 5.32705933e-02
    2.70630463e+02 1.45579174e-01</_>
  <_>
    3.13991222e+01 5.37958450e+01 2.01875362e+01 1.14660054e-01
    2.50839432e+02 1.45750716e-01</_>
  <_>
    3.22434311e+01 6.11968956e+01 1.97512398e+01 1.02216370e-01
    1.14813318e+01 2.14817107e-01</_>
  <_>
    3.36524544e+01 2.79501495e+01 1.85750751e+01 5.65648638e-02
    1.45656418e+02 2.57782578e-01</_>
  <_>
    3.14573421e+01 5.18871765e+01 2.04231911e+01 1.11149684e-01
    8.85355453e+01 1.87641039e-01</_>
  <_>
    3.05122261e+01 5.85255165e+01 1.92308598e+01 8.98861885e-02
    1.25250015e+02 2.93843776e-01</_>
  <_>
    3.07929802e+01 2.91599274e+01 1.90233841e+01 7.62007907e-02
    2.22567184e+02 2.85843253e-01</_>
  <_>
    3.04341450e+01 9.35063019e+01 1.89554291e+01 7.79356211e-02
    2.33192734e+02 2.20643833e-01</_>
  <_>
    3.13537750e+01 5.34809761e+01 2.00852528e+01 1.06010489e-01
    2.79094238e+02 1.11199819e-01</_>
  <_>
    3.29014549e+01 9.60136719e+01 1.95531120e+01 8.92820582e-02
    1.37203369e+01 1.13054171e-01</_>
  <_>
    3.11883869e+01 9.60155334e+01 1.90848217e+01 7.58398920e-02
    1.15322922e+02 1.14979491e-01</_>
  <_>
    3.14267311e+01 5.97030945e+01 1.98064575e+01 9.67708454e-02
    1.74254868e+02 1.83054715e-01</_>
  <_>
    3.16511574e+01 7.69717560e+01 2.06045895e+01 1.08037181e-01
    8.94644318e+01 1.11684382e-01</_></centroids>
</opencv_storage>
