<?xml version="1.0"?>
<opencv_storage>
<centroids>
  <_>
    3.14393806e+01 2.28505516e+01 1.90493927e+01 6.56989366e-02
    1.83334320e+02 1.44311443e-01</_>
  <_>
    3.21836929e+01 5.61957664e+01 2.01853886e+01 1.20571271e-01
    2.96159393e+02 2.44438335e-01</_>
  <_>
    3.20666809e+01 6.11878204e+01 1.93482056e+01 9.85665992e-02
    5.60445595e+01 2.66548574e-01</_>
  <_>
    2.06592255e+01 4.92449188e+01 1.88323479e+01 6.66453615e-02
    1.20450974e+01 1.46875501e-01</_>
  <_>
    3.39953308e+01 1.01327744e+02 1.89695358e+01 7.03888535e-02
    3.47577393e+02 1.54917866e-01</_>
  <_>
    4.12012062e+01 7.71855850e+01 1.98476143e+01 9.83083770e-02
    1.81501556e+02 1.59733772e-01</_>
  <_>
    3.15846901e+01 2.43362865e+01 1.89313774e+01 6.00954220e-02
    3.49336945e+02 1.57039896e-01</_>
  <_>
    2.15190773e+01 1.00561455e+02 1.95562954e+01 7.01948851e-02
    9.17064819e+01 2.48452947e-02</_>
  <_>
    3.14017143e+01 9.81236115e+01 1.97107639e+01 9.30583477e-02
    6.83086548e+01 1.00603618e-01</_>
  <_>
    4.13084755e+01 2.52544022e+01 1.86269760e+01 5.25721461e-02
    2.60045410e+02 1.85696363e-01</_>
  <_>
    3.11309128e+01 2.47130661e+01 1.93446007e+01 7.77308196e-02
    1.04197664e+01 1.63273141e-01</_>
  <_>
    2.18022385e+01 2.62833385e+01 1.91852322e+01 6.51088953e-02
    2.61962891e+02 1.80353910e-01</_>
  <_>
    4.14556732e+01 1.02276352e+02 1.85505905e+01 4.46871892e-02
    2.68964417e+02 1.61646262e-01</_>
  <_>
    2.17916088e+01 4.68392220e+01 2.02466908e+01 1.02048464e-01
    8.95258408e+01 1.72870353e-01</_>
  <_>
    3.00520668e+01 9.80070572e+01 1.88318043e+01 7.34219849e-02
    2.25876450e+02 2.04719976e-01</_>
  <_>
    3.08502216e+01 6.07038651e+01 1.97522259e+01 1.02510117e-01
    1.16087105e+02 2.56680161e-01</_>
  <_>
    3.00144691e+01 4.67464714e+01 2.03214283e+01 1.29629627e-01
    2.41694000e+02 2.05291003e-01</_>
  <_>
    3.01010990e+01 6.24108772e+01 1.98049526e+01 1.13383420e-01
    1.52816269e+02 2.86310524e-01</_>
  <_>
    3.20909843e+01 9.75215454e+01 1.88585262e+01 7.95055926e-02
    3.05155365e+02 2.06948385e-01</_>
  <_>
    3.27751961e+01 6.43403702e+01 1.97229195e+01 1.11885943e-01
    3.24884308e+02 2.62358576e-01</_>
  <_>
    3.30931969e+01 1.01943504e+02 1.92156601e+01 7.40918890e-02
    9.93442154e+00 8.32330957e-02</_>
  <_>
    3.09635391e+01 2.88132133e+01 1.91259117e+01 7.78514743e-02
    2.16421005e+02 2.78895289e-01</_>
  <_>
    3.26430016e+01 2.36861706e+01 1.93686180e+01 7.58677125e-02
    9.44319382e+01 9.26767215e-02</_>
  <_>
    2.16824608e+01 4.74557838e+01 1.97637157e+01 9.30881277e-02
    1.82880829e+02 2.21613809e-01</_>
  <_>
    4.07623405e+01 7.94385757e+01 2.05440445e+01 1.05355881e-01
    8.95504303e+01 9.70754027e-02</_>
  <_>
    4.12287521e+01 5.30050392e+01 2.00829258e+01 9.81745347e-02
    8.81511383e+01 1.95903838e-01</_>
  <_>
    2.22817192e+01 7.41278229e+01 2.05121231e+01 1.04507662e-01
    8.91112213e+01 1.19124733e-01</_>
  <_>
    3.03576336e+01 2.48130245e+01 1.89324551e+01 6.27498031e-02
    6.95642853e+01 1.44950718e-01</_>
  <_>
    2.13013000e+01 7.70565414e+01 1.97074852e+01 9.04784426e-02
    1.79879761e+02 1.48507819e-01</_>
  <_>
    2.85116043e+01 1.02421288e+02 1.91369762e+01 7.43748844e-02
    1.85814911e+02 1.42361745e-01</_>
  <_>
    2.10555553e+01 1.00913963e+02 1.86353073e+01 4.89773937e-02
    2.67099762e+02 1.34122714e-01</_>
  <_>
    3.20627403e+01 2.70039005e+01 1.93162174e+01 7.85579458e-02
    2.88807434e+02 2.12235570e-01</_>
  <_>
    4.13502617e+01 5.09523277e+01 1.92645912e+01 8.46303478e-02
    1.28517523e+01 2.74643332e-01</_>
  <_>
    3.17654247e+01 7.51828308e+01 2.05283337e+01 1.25940055e-01
    2.53141876e+02 2.44995236e-01</_>
  <_>
    3.22372360e+01 3.04129982e+01 1.93418999e+01 8.24821517e-02
    3.20486725e+02 2.92915970e-01</_>
  <_>
    3.11418457e+01 9.78960495e+01 1.94443798e+01 9.36268866e-02
    1.58282303e+02 1.39513329e-01</_>
  <_>
    4.11470451e+01 5.38777847e+01 1.98585587e+01 9.25944149e-02
    2.68549103e+02 6.20892607e-02</_>
  <_>
    3.11324425e+01 9.52189102e+01 1.92128372e+01 8.63603204e-02
    1.20333450e+02 1.62654996e-01</_>
  <_>
    4.18610382e+01 4.69800644e+01 1.93483315e+01 7.30882958e-02
    1.80787827e+02 1.40261933e-01</_>
  <_>
    2.85088673e+01 2.67268982e+01 1.84384842e+01 5.56777790e-02
    3.97443886e+01 2.55711645e-01</_>
  <_>
    3.19523602e+01 9.26641693e+01 1.91637440e+01 9.35942382e-02
    3.65683670e+01 2.12848440e-01</_>
  <_>
    4.14835625e+01 1.03388542e+02 1.90038853e+01 4.94333506e-02
    9.12659225e+01 2.70912033e-02</_>
  <_>
    3.30627823e+01 7.69980392e+01 2.04799995e+01 1.23583809e-01
    1.15141325e+01 1.89826578e-01</_>
  <_>
    3.17333794e+01 4.83955574e+01 2.00600586e+01 1.04483783e-01
    3.49829163e+02 2.00529456e-01</_>
  <_>
    3.27569199e+01 7.82341843e+01 2.09692383e+01 1.38246804e-01
    2.77094208e+02 2.38798007e-01</_>
  <_>
    3.37289162e+01 2.63465996e+01 1.84984589e+01 5.58048263e-02
    1.23432762e+02 2.49018520e-01</_>
  <_>
    3.33222656e+01 2.85032234e+01 1.89988995e+01 7.02332929e-02
    1.56092728e+02 2.23158658e-01</_>
  <_>
    3.03432808e+01 6.36461296e+01 2.00991135e+01 1.24091446e-01
    2.10746979e+02 2.72102535e-01</_>
  <_>
    2.10393524e+01 5.61507454e+01 1.93275013e+01 7.30509534e-02
    2.70408112e+02 9.12625343e-02</_>
  <_>
    3.25173340e+01 7.54707794e+01 1.98628864e+01 1.00564845e-01
    3.50526642e+02 1.64913058e-01</_></centroids>
</opencv_storage>
