<?xml version="1.0"?>
<opencv_storage>
<centroids>
  <_>
    4.06004143e+01 1.02125656e+02 1.00767555e+01 1.11587584e+00
    1.46796524e+02 -1.</_>
  <_>
    2.26220570e+01 2.26056843e+01 1.00746479e+01 1.11143029e+00
    3.46968536e+02 -1.</_>
  <_>
    4.04991150e+01 7.04262619e+01 1.06663656e+01 1.37702453e+00
    2.51730560e+02 -9.99999940e-01</_>
  <_>
    4.02952881e+01 7.60198822e+01 1.06837387e+01 1.38623774e+00
    7.08317795e+01 -1.</_>
  <_>
    4.00760422e+01 6.82391129e+01 1.07530422e+01 1.41712141e+00
    2.22976349e+02 -1.</_>
  <_>
    2.19801006e+01 2.46046925e+01 1.02666206e+01 1.20239544e+00
    8.29428635e+01 -1.</_>
  <_>
    2.18761787e+01 2.42102318e+01 1.01335535e+01 1.13817024e+00
    2.94750488e+02 -1.</_>
  <_>
    2.73809433e+01 1.03213165e+02 1.01918936e+01 1.16938388e+00
    3.19224854e+02 -1.</_>
  <_>
    2.18948822e+01 2.50741444e+01 1.01503077e+01 1.14730787e+00
    1.43060822e+02 -1.</_>
  <_>
    2.12487431e+01 7.37976379e+01 1.05536604e+01 1.32945645e+00
    1.94933090e+01 -1.</_>
  <_>
    4.18802643e+01 4.98813820e+01 1.03530779e+01 1.24069846e+00
    1.84803009e+01 -1.</_>
  <_>
    2.17410889e+01 2.38721638e+01 1.01623611e+01 1.15163672e+00
    2.37551254e+02 -1.</_>
  <_>
    2.25567074e+01 7.67399063e+01 1.08376598e+01 1.45389485e+00
    1.11833740e+02 -1.</_>
  <_>
    2.16838436e+01 1.01505180e+02 1.01682062e+01 1.15921485e+00
    1.64658813e+02 -1.</_>
  <_>
    4.07577972e+01 5.09593925e+01 1.05266027e+01 1.31893837e+00
    1.73969406e+02 -1.</_>
  <_>
    2.22913589e+01 1.02526985e+02 1.00861998e+01 1.11818600e+00
    2.70864838e+02 -1.</_>
  <_>
    2.23632603e+01 7.92920761e+01 1.06735659e+01 1.38324773e+00
    3.44221954e+02 -9.99999940e-01</_>
  <_>
    4.04670525e+01 5.03377457e+01 1.05940390e+01 1.34543622e+00
    8.46860809e+01 -1.</_>
  <_>
    3.99407539e+01 4.89657898e+01 1.07272148e+01 1.40446496e+00
    3.25460419e+02 -1.</_>
  <_>
    3.95253830e+01 2.45046425e+01 1.01522455e+01 1.14647627e+00
    3.82095413e+01 -1.</_>
  <_>
    2.24725266e+01 1.01364487e+02 1.03200130e+01 1.22629821e+00
    7.15292511e+01 -1.</_>
  <_>
    4.00475731e+01 4.61678848e+01 1.07285347e+01 1.40595031e+00
    2.04598694e+02 -1.</_>
  <_>
    2.20479908e+01 4.90822296e+01 1.06880922e+01 1.38817275e+00
    1.90765884e+02 -9.99999940e-01</_>
  <_>
    4.19200172e+01 2.75673218e+01 1.01273146e+01 1.13545239e+00
    3.45701782e+02 -9.99999940e-01</_>
  <_>
    2.25561638e+01 7.42309494e+01 1.08397942e+01 1.45574999e+00
    2.38843018e+02 -1.</_>
  <_>
    3.88847466e+01 7.60421677e+01 1.07731228e+01 1.42536652e+00
    1.30010818e+02 -9.99999940e-01</_>
  <_>
    3.95087624e+01 5.01627045e+01 1.06767616e+01 1.38313162e+00
    1.13817726e+02 -1.</_>
  <_>
    4.04540672e+01 8.35443268e+01 1.06194315e+01 1.35727823e+00
    2.75055573e+02 -1.</_>
  <_>
    2.33036442e+01 1.01807320e+02 1.02518454e+01 1.19771671e+00
    1.98060272e+02 -1.</_>
  <_>
    4.13238220e+01 6.60290833e+01 1.04250765e+01 1.27219450e+00
    3.47674835e+02 -9.99999940e-01</_>
  <_>
    2.34737797e+01 1.00458298e+02 1.03932810e+01 1.26105571e+00
    4.02793312e+01 -1.</_>
  <_>
    2.16964970e+01 1.02062965e+02 1.02522259e+01 1.19438624e+00
    1.00589592e+02 -1.</_>
  <_>
    2.21701832e+01 2.53417110e+01 1.02302952e+01 1.18495488e+00
    1.13057114e+02 -1.</_>
  <_>
    4.04230766e+01 1.01484253e+02 1.02788382e+01 1.20666516e+00
    8.56866531e+01 -1.</_>
  <_>
    4.05005875e+01 2.42026730e+01 1.01248207e+01 1.13192606e+00
    2.53306961e+02 -1.</_>
  <_>
    2.16906719e+01 1.01395264e+02 1.01603756e+01 1.15349662e+00
    2.34885880e+02 -1.</_>
  <_>
    2.23407688e+01 5.02405891e+01 1.07014322e+01 1.39467621e+00
    6.99591217e+01 -1.</_>
  <_>
    2.18031139e+01 2.43129063e+01 1.01413107e+01 1.14085138e+00
    1.74155411e+02 -1.</_>
  <_>
    2.17188835e+01 5.01909103e+01 1.05872431e+01 1.34375119e+00
    1.60694778e+02 -9.99999940e-01</_>
  <_>
    2.20924320e+01 8.35950317e+01 1.07296495e+01 1.40625262e+00
    2.95591919e+02 -1.</_>
  <_>
    4.06353912e+01 7.39715576e+01 1.05628777e+01 1.33393323e+00
    1.92551468e+02 -1.</_>
  <_>
    2.18562107e+01 2.38677902e+01 1.01093826e+01 1.12697458e+00
    2.05054276e+02 -1.</_>
  <_>
    4.00315857e+01 4.55448151e+01 1.07368135e+01 1.41216826e+00
    2.38758957e+02 -1.</_>
  <_>
    3.94779892e+01 1.00986473e+02 1.02378178e+01 1.18427157e+00
    2.52817032e+02 -9.99999940e-01</_>
  <_>
    4.02956505e+01 4.92020607e+01 1.05533724e+01 1.32700086e+00
    1.43845642e+02 -9.99999940e-01</_>
  <_>
    3.98283157e+01 7.60022736e+01 1.07827272e+01 1.43190134e+00
    3.87858086e+01 -1.</_>
  <_>
    4.03197479e+01 2.41721039e+01 1.01816959e+01 1.16083741e+00
    1.29529678e+02 -1.</_>
  <_>
    3.75152016e+01 4.22558975e+01 1.10303049e+01 1.53942108e+00
    2.99306854e+02 -1.</_>
  <_>
    3.98813248e+01 2.43015118e+01 1.01784887e+01 1.15918624e+00
    6.89858398e+01 -1.</_>
  <_>
    4.00133820e+01 4.95388260e+01 1.07559576e+01 1.41617203e+00
    2.69942078e+02 -1.</_>
  <_>
    2.16638775e+01 2.43437901e+01 1.02058525e+01 1.17477036e+00
    5.12563057e+01 -1.</_>
  <_>
    3.45972977e+01 1.01807152e+02 1.02278223e+01 1.18669951e+00
    3.46788300e+02 -1.</_>
  <_>
    4.03029442e+01 2.39351559e+01 1.01143494e+01 1.12998891e+00
    1.89583679e+02 -1.</_>
  <_>
    4.03313141e+01 2.44355221e+01 1.02051182e+01 1.17212665e+00
    9.89143600e+01 -9.99999940e-01</_>
  <_>
    4.01647530e+01 2.47485466e+01 1.01941872e+01 1.16606367e+00
    1.60215637e+02 -1.</_>
  <_>
    2.11799221e+01 2.40771179e+01 1.01350536e+01 1.14107442e+00
    1.72862015e+01 -1.</_>
  <_>
    4.00148468e+01 9.93278122e+01 1.02892618e+01 1.21089697e+00
    2.18262497e+02 -9.99999940e-01</_>
  <_>
    4.09549980e+01 2.39093933e+01 1.00885849e+01 1.11547244e+00
    2.81653564e+02 -1.</_>
  <_>
    2.23306808e+01 7.49379120e+01 1.07474642e+01 1.41321373e+00
    5.50617180e+01 -1.</_>
  <_>
    4.10230522e+01 1.01404404e+02 1.01405096e+01 1.14466715e+00
    5.53753128e+01 -9.99999940e-01</_>
  <_>
    2.20675373e+01 6.03122597e+01 1.07733622e+01 1.42755592e+00
    3.15739624e+02 -9.99999940e-01</_>
  <_>
    4.07779007e+01 5.04064293e+01 1.04783993e+01 1.29462528e+00
    5.37049065e+01 -1.</_>
  <_>
    3.93280716e+01 8.07051392e+01 1.07257490e+01 1.40612376e+00
    3.20110687e+02 -9.99999940e-01</_>
  <_>
    2.23709621e+01 4.74323006e+01 1.07801332e+01 1.43020570e+00
    2.22526047e+02 -9.99999940e-01</_>
  <_>
    2.27233391e+01 9.98446426e+01 1.03910789e+01 1.26055384e+00
    1.17771826e+01 -1.</_>
  <_>
    4.01248627e+01 2.35141926e+01 1.00884199e+01 1.11713326e+00
    2.21861191e+02 -1.</_>
  <_>
    4.09286461e+01 2.22196407e+01 9.91446304e+00 1.03795576e+00
    3.14620667e+02 -9.99999940e-01</_>
  <_>
    2.22879982e+01 7.58795013e+01 1.06771450e+01 1.38638330e+00
    1.77702896e+02 -1.</_>
  <_>
    4.02347450e+01 2.44259644e+01 1.01268892e+01 1.13287640e+00
    1.11607208e+01 -1.</_>
  <_>
    3.97002907e+01 6.62739029e+01 1.07649775e+01 1.42064977e+00
    2.94032379e+02 -1.</_>
  <_>
    2.24789619e+01 7.66311646e+01 1.08804226e+01 1.47139382e+00
    8.49447556e+01 -1.</_>
  <_>
    2.10624313e+01 5.63925972e+01 1.05067549e+01 1.30815542e+00
    1.31903610e+02 -9.99999940e-01</_>
  <_>
    2.39299774e+01 4.86346588e+01 1.08779984e+01 1.47376406e+00
    3.46797028e+02 -1.</_>
  <_>
    2.24292221e+01 4.83686409e+01 1.08552732e+01 1.46199238e+00
    2.53645340e+02 -1.</_>
  <_>
    4.07647820e+01 7.60167007e+01 1.06376791e+01 1.36576962e+00
    9.87969284e+01 -9.99999940e-01</_>
  <_>
    4.06539574e+01 1.00021439e+02 1.01863852e+01 1.16639531e+00
    1.79861038e+02 -1.</_>
  <_>
    2.18582191e+01 2.84189262e+01 1.03879242e+01 1.25672126e+00
    3.21444641e+02 -9.99999940e-01</_>
  <_>
