<?xml version="1.0"?>
<opencv_storage>
<centroids>
  <_>
    5.08643913e+01 9.24245071e+01 3.99999976e+00 0. -9.99999940e-01
    -9.99999940e-01</_>
  <_>
    1.17982769e+01 3.96246872e+01 4. 0. -1. -1.</_>
  <_>
    4.06340981e+01 5.80857162e+01 4. 0. -1. -1.</_>
  <_>
    1.15074272e+01 1.02879311e+02 4. 0. -1. -1.</_>
  <_>
    3.37734642e+01 1.18463879e+01 3.99999976e+00 0. -9.99999940e-01
    -9.99999940e-01</_>
  <_>
    2.51599579e+01 8.11306381e+01 4. 0. -1. -1.</_>
  <_>
    2.29193497e+01 1.14879959e+02 4. 0. -1. -1.</_>
  <_>
    1.80956001e+01 2.52391529e+01 4. 0. -1. -1.</_>
  <_>
    1.85010681e+01 5.89962311e+01 4. 0. -1. -1.</_>
  <_>
    4.53909378e+01 3.32326164e+01 4. 0. -1. -1.</_>
  <_>
    5.13705635e+01 1.15061127e+02 3.99999976e+00 0. -9.99999940e-01
    -9.99999940e-01</_>
  <_>
    5.15727158e+01 1.86497555e+01 4. 0. -1. -1.</_>
  <_>
    5.10247765e+01 6.84004898e+01 4. 0. -1. -1.</_>
  <_>
    2.53246994e+01 1.00057884e+02 4. 0. -1. -1.</_>
  <_>
    2.62129135e+01 2.50673771e+01 4. 0. -1. -1.</_>
  <_>
    1.16748857e+01 8.32043304e+01 4. 0. -1. -1.</_>
  <_>
    2.98025494e+01 3.28893814e+01 3.99999976e+00 0. -9.99999940e-01
    -9.99999940e-01</_>
  <_>
    5.10954781e+01 5.26302452e+01 4. 0. -1. -1.</_>
  <_>
    5.08824158e+01 1.00594772e+02 3.99999976e+00 0. -9.99999940e-01
    -9.99999940e-01</_>
  <_>
    2.74986553e+01 4.70109100e+01 4. 0. -1. -1.</_>
  <_>
    5.12343025e+01 7.66430054e+01 4. 0. -1. -1.</_>
  <_>
    2.62977905e+01 1.22917614e+01 4. 0. -1. -1.</_>
  <_>
    3.37920532e+01 1.14691360e+02 4. 0. -1. -1.</_>
  <_>
    4.28823624e+01 4.21539536e+01 4. 0. -1. -1.</_>
  <_>
    2.58370209e+01 5.99467545e+01 3.99999976e+00 0. -9.99999940e-01
    -9.99999940e-01</_>
  <_>
    5.00816231e+01 1.17182112e+01 4. 0. -1. -1.</_>
  <_>
    5.07479324e+01 8.44831924e+01 4. 0. -1. -1.</_>
  <_>
    3.64255257e+01 7.40022202e+01 4. 0. -1. -1.</_>
  <_>
    1.18826551e+01 1.14497395e+01 4. 0. -1. -1.</_>
  <_>
    2.09578304e+01 5.12005730e+01 4. 0. -1. -1.</_>
  <_>
    4.15744019e+01 8.92834015e+01 4. 0. -1. -1.</_>
  <_>
    1.22962484e+01 1.13828087e+02 4. 0. -1. -1.</_>
  <_>
    4.42994576e+01 7.38103485e+01 4. 0. -1. -1.</_>
  <_>
    4.51012878e+01 1.98418274e+01 4. 0. -1. -1.</_>
  <_>
    1.94499435e+01 7.54703293e+01 4. 0. -1. -1.</_>
  <_>
    5.05106735e+01 6.04518166e+01 4. 0. -1. -1.</_>
  <_>
    3.16099815e+01 5.53818283e+01 4. 0. -1. -1.</_>
  <_>
    5.12985153e+01 3.63142586e+01 4. 0. -1. -1.</_>
  <_>
    1.19195280e+01 5.43366280e+01 4. 0. -1. -1.</_>
  <_>
    2.18891659e+01 6.71292648e+01 4. 0. -1. -1.</_>
  <_>
    3.80059700e+01 3.47187462e+01 4. 0. -1. -1.</_>
  <_>
    1.29543629e+01 3.25854111e+01 4. 0. -1. -1.</_>
  <_>
    3.40757408e+01 1.01033142e+02 3.99999976e+00 0. -9.99999940e-01
    -9.99999940e-01</_>
  <_>
    4.15904388e+01 1.20640554e+01 4. 0. -1. -1.</_>
  <_>
    3.32092018e+01 9.29852219e+01 4. 0. -1. -1.</_>
  <_>
    1.16293535e+01 7.60109863e+01 4. 0. -1. -1.</_>
  <_>
    3.31268272e+01 8.34878311e+01 4. 0. -1. -1.</_>
  <_>
    2.84787979e+01 7.32398300e+01 4. 0. -1. -1.</_>
  <_>
    2.13611698e+01 3.25685387e+01 4. 0. -1. -1.</_>
  <_>
    3.62533531e+01 4.90973396e+01 4. 0. -1. -1.</_>
  <_>
    1.82723026e+01 9.63685608e+01 4. 0. -1. -1.</_>
  <_>
    4.06752357e+01 1.06421181e+02 4. 0. -1. -1.</_>
  <_>
    1.17319193e+01 6.23424454e+01 4. 0. -1. -1.</_>
  <_>
    3.07377300e+01 1.90802422e+01 4. 0. -1. -1.</_>
  <_>
    1.14539461e+01 9.23550644e+01 4. 0. -1. -1.</_>
  <_>
    4.16616631e+01 2.67064018e+01 4. 0. -1. -1.</_>
  <_>
    4.30573959e+01 1.14640762e+02 4. 0. -1. -1.</_>
  <_>
    3.39331169e+01 4.13094330e+01 3.99999976e+00 0. -9.99999940e-01
    -9.99999940e-01</_>
  <_>
    1.89814739e+01 1.06717491e+02 4. 0. -1. -1.</_>
  <_>
    4.25378685e+01 9.74033890e+01 4. 0. -1. -1.</_>
  <_>
    5.06710396e+01 1.07996788e+02 4. 0. -1. -1.</_>
  <_>
    4.21284904e+01 6.59014359e+01 4. 0. -1. -1.</_>
  <_>
    2.58687782e+01 3.90706139e+01 4. 0. -1. -1.</_>
  <_>
    1.21928854e+01 1.80040493e+01 4. 0. -1. -1.</_>
  <_>
    1.23318892e+01 4.70571060e+01 4. 0. -1. -1.</_>
  <_>
    1.88578148e+01 1.19467134e+01 4. 0. -1. -1.</_>
  <_>
    2.14086037e+01 1.87019367e+01 4. 0. -1. -1.</_>
  <_>
    2.88572521e+01 1.08092079e+02 4. 0. -1. -1.</_>
  <_>
    3.79689903e+01 1.92004032e+01 4. 0. -1. -1.</_>
  <_>
    5.08937149e+01 4.45298653e+01 4. 0. -1. -1.</_>
  <_>
    4.39165802e+01 5.07598686e+01 4. 0. -1. -1.</_>
  <_>
    1.26635790e+01 6.91697617e+01 4. 0. -1. -1.</_>
  <_>
    4.17373009e+01 8.15560989e+01 4. 0. -1. -1.</_>
  <_>
    2.55671768e+01 9.03744583e+01 4. 0. -1. -1.</_>
  <_>
    3.30560455e+01 6.50094910e+01 4. 0. -1. -1.</_>
  <_>
    1.12901630e+01 2.52644882e+01 3.99999976e+00 0. -9.99999940e-01
    -9.99999940e-01</_>
  <_>
    1.91040535e+01 4.18735924e+01 4. 0. -1. -1.</_>
  <_>
    1.83245392e+01 8.62148361e+01 4. 0. -1. -1.</_>
  <_>
    3.39969940e+01 2.67155151e+01 4. 0. -1. -1.</_>
  <_>
    5.10846138e+01 2.68517494e+01 4. 0. -1. -1.</_></centroids>
</opencv_storage>
