<?xml version="1.0"?>
<opencv_storage>
<centroids>
  <_>
    5.66037712e+01 4.30887985e+01 7. 0. -1. -1.</_>
  <_>
    1.91486740e+01 1.20256630e+02 7. 0. -1. -1.</_>
  <_>
    2.86505737e+01 6.70288696e+01 7. 0. -1. -1.</_>
  <_>
    3.20595131e+01 1.50909958e+01 7. 0. -1. -1.</_>
  <_>
    4.25369987e+01 1.18984436e+02 7. 0. -1. -1.</_>
  <_>
    6.44572926e+00 4.57080650e+01 7. 0. -1. -1.</_>
  <_>
    5.60334663e+01 8.08310318e+01 7. 0. -1. -1.</_>
  <_>
    1.67655678e+01 9.85033798e+01 7. 0. -1. -1.</_>
  <_>
    6.42884159e+00 6.52717743e+01 7. 0. -1. -1.</_>
  <_>
    1.73066406e+01 3.00093956e+01 7. 0. -1. -1.</_>
  <_>
    4.85270462e+01 8.07866001e+00 7. 0. -1. -1.</_>
  <_>
    7.01827955e+00 6.55730009e+00 7. 0. -1. -1.</_>
  <_>
    4.14042130e+01 4.64100761e+01 7. 0. -1. -1.</_>
  <_>
    3.63638077e+01 8.59812622e+01 7. 0. -1. -1.</_>
  <_>
    3.58138847e+01 1.08146561e+02 7. 0. -1. -1.</_>
  <_>
    3.37105598e+01 5.18519592e+01 7. 0. -9.99999940e-01 -9.99999940e-01</_>
  <_>
    4.89625511e+01 2.97856541e+01 7. 0. -1. -1.</_>
  <_>
    4.94113884e+01 5.90490227e+01 7. 0. -1. -1.</_>
  <_>
    1.29382362e+01 7.20450592e+01 7. 0. -1. -1.</_>
  <_>
    5.56952324e+01 9.88949280e+01 6.99999952e+00 0. -9.99999940e-01
    -9.99999940e-01</_>
  <_>
    6.90648079e+00 2.62893314e+01 7. 0. -1. -1.</_>
  <_>
    3.65629158e+01 7.49394531e+01 7. 0. -1. -1.</_>
  <_>
    2.13726006e+01 7.03786087e+01 7. 0. -1. -1.</_>
  <_>
    5.69193573e+01 2.45071278e+01 7. 0. -1. -1.</_>
  <_>
    2.92440624e+01 3.22526321e+01 7. 0. -1. -1.</_>
  <_>
    1.79874039e+01 8.02269745e+01 7. 0. -1. -1.</_>
  <_>
    2.30895996e+01 1.44974461e+01 7. 0. -1. -1.</_>
  <_>
    3.54208488e+01 9.70441742e+01 6.99999952e+00 0. -9.99999940e-01
    -9.99999940e-01</_>
  <_>
    5.66936111e+01 6.25220728e+00 7.00000048e+00 0. -1. -1.</_>
  <_>
    3.98870811e+01 6.25897789e+00 7. 0. -1. -1.</_>
  <_>
    1.39593515e+01 5.30810814e+01 7. 0. -1. -1.</_>
  <_>
    2.64758186e+01 8.98410797e+01 7. 0. -1. -1.</_>
  <_>
    4.67205200e+01 7.54833221e+01 7. 0. -1. -1.</_>
  <_>
    2.25012131e+01 3.84010429e+01 7. 0. -1. -1.</_>
  <_>
    1.40270433e+01 1.14683428e+01 7. 0. -1. -1.</_>
  <_>
    7.23771238e+00 1.06273972e+02 7. 0. -1. -1.</_>
  <_>
    5.46350708e+01 1.19244011e+02 7. 0. -1. -1.</_>
  <_>
    2.38849125e+01 5.62342339e+01 7. 0. -9.99999940e-01 -9.99999940e-01</_>
  <_>
    2.02324543e+01 5.88681221e+00 7. 0. -1. -1.</_>
  <_>
    4.09859734e+01 1.47368107e+01 7. 0. -1. -1.</_>
  <_>
    3.50866203e+01 2.36859150e+01 7. 0. -1. -1.</_>
  <_>
    4.07860794e+01 6.65098343e+01 7. 0. -1. -1.</_>
  <_>
    6.74329567e+00 9.47142639e+01 7. 0. -1. -1.</_>
  <_>
    1.30823288e+01 3.87956734e+01 7.00000048e+00 0. -1. -1.</_>
  <_>
    5.68285408e+01 3.42340164e+01 7. 0. -1. -1.</_>
  <_>
    7.44992018e+00 1.18458954e+02 6.99999952e+00 0. -9.99999940e-01
    -9.99999940e-01</_>
  <_>
    5.78137159e+00 7.55970383e+01 7. 0. -1. -1.</_>
  <_>
    4.58224373e+01 8.43102722e+01 7. 0. -1. -1.</_>
  <_>
    7.21703196e+00 8.44879990e+01 7. 0. -1. -1.</_>
  <_>
    4.99970245e+01 6.74486618e+01 7. 0. -1. -1.</_>
  <_>
    1.63168964e+01 6.22229424e+01 7. 0. -1. -1.</_>
  <_>
    4.53979797e+01 9.47021561e+01 7. 0. -1. -1.</_>
  <_>
    1.54967365e+01 2.09123344e+01 7. 0. -1. -1.</_>
  <_>
    5.57269096e+01 8.98015213e+01 7. 0. -1. -1.</_>
  <_>
    3.32460022e+01 6.06733322e+01 6.99999952e+00 0. -9.99999940e-01
    -9.99999940e-01</_>
  <_>
    6.21416378e+00 1.67033882e+01 7. 0. -1. -1.</_>
  <_>
    4.59191132e+01 1.06167061e+02 7. 0. -9.99999940e-01 -9.99999940e-01</_>
  <_>
    4.95100174e+01 1.86984921e+01 7.00000048e+00 0. -1. -1.</_>
  <_>
    5.59843597e+01 1.08770866e+02 6.99999952e+00 0. -9.99999940e-01
    -9.99999940e-01</_>
  <_>
    6.11736727e+00 5.57365303e+01 7. 0. -1. -1.</_>
  <_>
    3.44352226e+01 4.09085503e+01 7. 0. -1. -1.</_>
  <_>
    3.96243477e+01 3.28445320e+01 7. 0. -1. -1.</_>
  <_>
    2.78624592e+01 7.85662994e+01 7. 0. -1. -1.</_>
  <_>
    5.84571838e+00 3.53919373e+01 7. 0. -1. -1.</_>
  <_>
    4.73383522e+01 3.94514542e+01 7. 0. -1. -1.</_>
  <_>
    5.70961151e+01 5.21274834e+01 7. 0. -1. -1.</_>
  <_>
    2.69601269e+01 4.66694870e+01 7. 0. -1. -1.</_>
  <_>
    1.81981869e+01 1.10066719e+02 7.00000048e+00 0. -1. -1.</_>
  <_>
    4.16488037e+01 5.63307648e+01 7. 0. -1. -1.</_>
  <_>
    3.02419357e+01 1.18074402e+02 7. 0. -1. -1.</_>
  <_>
    5.73085976e+01 6.14934006e+01 7. 0. -1. -1.</_>
  <_>
    4.33647232e+01 2.35509968e+01 7. 0. -1. -1.</_>
  <_>
    5.69131889e+01 1.49146481e+01 6.99999952e+00 0. -9.99999940e-01
    -9.99999940e-01</_>
  <_>
    2.54050446e+01 2.35742855e+01 7. 0. -1. -1.</_>
  <_>
    1.80291195e+01 4.64073181e+01 7. 0. -1. -1.</_>
  <_>
    4.92137566e+01 4.96671066e+01 7. 0. -1. -1.</_>
  <_>
    1.64146690e+01 8.89083862e+01 7. 0. -1. -1.</_>
  <_>
    3.04610710e+01 6.57182741e+00 7. 0. -1. -1.</_>
  <_>
    2.61482391e+01 1.02858948e+02 6.99999952e+00 0. -9.99999940e-01
    -9.99999940e-01</_>
  <_>
    5.71206017e+01 7.16366806e+01 7. 0. -1. -1.</_></centroids>
</opencv_storage>
