<?xml version="1.0"?>
<opencv_storage>
<centroids>
  <_>
    4.21470566e+01 3.72910728e+01 1.91958408e+01 1.54403653e-02
    8.93666382e+01 -4.74239811e-02</_>
  <_>
    4.19516373e+01 7.39621964e+01 1.90968800e+01 6.23973720e-02
    3.49817352e+02 -6.23973720e-02</_>
  <_>
    3.01161957e+01 6.61200790e+01 1.98694992e+01 1.11785531e-01
    4.13952675e+01 -2.86798179e-01</_>
  <_>
    3.63693924e+01 6.79534988e+01 1.93697586e+01 8.26934502e-02
    2.05453674e+02 -2.27406979e-01</_>
  <_>
    2.15775661e+01 6.94826584e+01 1.93215351e+01 2.64044944e-02
    9.12754059e+01 -1.31460682e-01</_>
  <_>
    4.10555801e+01 5.29817200e+01 1.94757805e+01 8.15806240e-02
    1.78560883e+02 -1.38304651e-01</_>
  <_>
    3.18697815e+01 1.01745277e+02 1.90697670e+01 7.22591355e-02
    2.75591064e+02 -3.35548162e-01</_>
  <_>
    2.23374405e+01 5.29613075e+01 1.98976326e+01 9.13637877e-02
    1.06889870e+02 -1.10036675e-02</_>
  <_>
    3.16306286e+01 5.26849060e+01 1.97171402e+01 1.05303608e-01
    2.72227356e+02 -2.65180618e-01</_>
  <_>
    4.11258698e+01 2.69830894e+01 1.91322117e+01 6.53394610e-02
    1.36375217e+01 -8.32057223e-02</_>
  <_>
    3.88843575e+01 2.54597244e+01 1.96639862e+01 7.36352056e-02
    1.33078354e+02 -1.94244608e-01</_>
  <_>
    3.15483704e+01 8.55221252e+01 3.11335869e+01 6.41919196e-01
    9.00004730e+01 -1.45959601e-01</_>
  <_>
    3.06646862e+01 2.48931961e+01 1.82209244e+01 4.19543274e-02
    3.48740936e+02 -1.02496013e-01</_>
  <_>
    2.14136333e+01 2.05445938e+01 1.87753963e+01 6.07492402e-03
    8.92420731e+01 -3.81370224e-02</_>
  <_>
    4.06367989e+01 9.35335999e+01 1.98900242e+01 1.02163464e-01
    1.21720924e+02 -2.59615391e-01</_>
  <_>
    2.25077076e+01 9.64198303e+01 1.98602734e+01 9.39630046e-02
    1.73036652e+02 -3.60272638e-02</_>
  <_>
    3.12430649e+01 7.12483139e+01 1.94236374e+01 9.51649994e-02
    2.94739258e+02 -3.78357619e-01</_>
  <_>
    4.06160583e+01 5.26300621e+01 1.99024143e+01 9.82758626e-02
    7.16104889e+01 -2.34482773e-02</_>
  <_>
    2.23501415e+01 9.08676529e+01 2.04218655e+01 1.15405850e-01
    8.80476952e+00 -6.57095537e-02</_>
  <_>
    2.31293621e+01 4.31820107e+01 2.01803627e+01 1.01090908e-01
    7.10168228e+01 -5.52727245e-02</_>
  <_>
    4.13816566e+01 2.03739395e+01 1.90580425e+01 8.15629773e-03
    9.01115723e+01 -4.32473458e-02</_>
  <_>
    4.14392815e+01 2.06539421e+01 1.85596218e+01 2.21318882e-02
    1.56146439e+02 2.07768753e-02</_>
  <_>
    2.15262012e+01 2.23819637e+01 1.88063183e+01 3.75457890e-02
    6.38978577e+01 -1.52930409e-01</_>
  <_>
    2.34114189e+01 1.01504074e+02 1.94783249e+01 6.99507445e-02
    1.08288185e+02 -1.12315275e-01</_>
  <_>
    4.09825974e+01 2.19604244e+01 1.85464668e+01 3.29764448e-02
    1.08168449e+02 -8.43683034e-02</_>
  <_>
    4.13815575e+01 2.56818047e+01 1.89725342e+01 4.73041721e-02
    1.79258270e+02 -3.86571735e-02</_>
  <_>
    2.44862270e+01 4.19648247e+01 2.19469776e+01 1.87441871e-01
    3.03178921e+01 -3.68372113e-01</_>
  <_>
    4.09940071e+01 1.03416283e+02 1.98601990e+01 5.53927310e-02
    9.37321548e+01 -1.54747948e-01</_>
  <_>
    3.15875702e+01 6.43142014e+01 3.11008186e+01 6.11499310e-01
    9.00667343e+01 -1.61109999e-01</_>
  <_>
    3.98409996e+01 7.69233704e+01 2.04799824e+01 1.24687240e-01
    7.06252670e+01 -1.06755629e-01</_>
  <_>
    3.12862949e+01 1.00793411e+02 1.95474091e+01 7.77496845e-02
    3.47927979e+02 -2.52844505e-02</_>
  <_>
    2.65235081e+01 9.38185501e+01 1.97341900e+01 9.59271118e-02
    1.45149902e+02 -3.25830638e-01</_>
  <_>
    4.01812630e+01 7.78190536e+01 1.99054604e+01 1.07684530e-01
    1.36373911e+01 -8.29120353e-02</_>
  <_>
    3.13940601e+01 4.63918991e+01 3.06366749e+01 5.47028065e-01
    8.98151169e+01 3.95166539e-02</_>
  <_>
    3.99116936e+01 4.34583664e+01 2.02214260e+01 9.85309929e-02
    1.07422600e+02 -3.90541032e-02</_>
  <_>
    2.15254040e+01 6.64056931e+01 2.01092110e+01 1.01884156e-01
    1.22649622e+01 -1.62595943e-01</_>
  <_>
    2.17620964e+01 2.59774971e+01 1.90066147e+01 5.41190617e-02
    1.50008347e+02 -1.65363804e-01</_>
  <_>
    3.10952911e+01 3.32835236e+01 1.85662060e+01 7.41106719e-02
    3.11033173e+02 -3.41897249e-01</_>
  <_>
    4.04608879e+01 9.56305008e+01 1.95309505e+01 9.06713158e-02
    4.27066612e+01 -3.23452473e-01</_>
  <_>
    2.19926338e+01 5.98699265e+01 1.96260681e+01 1.00150973e-01
    1.59492584e+02 -1.32360339e-01</_>
  <_>
    3.26693192e+01 3.08583012e+01 1.86878052e+01 7.07317069e-02
    2.42138947e+02 -2.92682916e-01</_>
  <_>
    4.01863823e+01 2.46488171e+01 1.92745914e+01 6.00075983e-02
    7.31607590e+01 -5.58298528e-02</_>
  <_>
    4.20353241e+01 8.49386749e+01 1.86828232e+01 1.05882352e-02
    9.14787445e+01 -1.40705884e-01</_>
  <_>
    2.23538666e+01 1.04051376e+02 1.98452091e+01 5.38922176e-02
    8.76959686e+01 -1.50299400e-01</_>
  <_>
    3.91985931e+01 2.75545597e+01 1.93526363e+01 7.80741721e-02
    4.55759621e+01 -2.60897875e-01</_>
  <_>
    4.17047005e+01 6.82575226e+01 1.92306957e+01 2.27446482e-02
    8.85161362e+01 -1.34938836e-01</_>
  <_>
    2.35234413e+01 7.73408051e+01 2.06401501e+01 1.34527281e-01
    1.10571091e+02 -1.27030402e-01</_>
  <_>
    2.18050747e+01 9.59788284e+01 1.89108562e+01 6.68583736e-02
    3.16026783e+01 -3.05535585e-01</_>
  <_>
    4.10247002e+01 7.86191635e+01 2.00494423e+01 1.04465708e-01
    1.78921234e+02 -5.18341288e-02</_>
  <_>
    3.10391655e+01 6.14244614e+01 1.91261253e+01 9.17280912e-02
    2.37716141e+02 -4.23423439e-01</_>
  <_>
    3.21898079e+01 9.80889206e+01 1.96284847e+01 8.06060582e-02
    2.01024719e+02 -8.60606059e-02</_>
  <_>
    3.01097851e+01 9.64352112e+01 1.94572105e+01 8.32012743e-02
    3.16585022e+02 -3.97781312e-01</_>
  <_>
    2.04414787e+01 7.53286591e+01 1.94295578e+01 7.64807388e-02
    3.49765991e+02 -9.83323753e-02</_>
  <_>
    3.22167702e+01 3.22270584e+01 1.82525845e+01 5.02215661e-02
    2.05809036e+02 -2.51107812e-01</_>
  <_>
    2.17213478e+01 2.57028046e+01 1.93475113e+01 6.42054603e-02
    1.10674171e+02 -8.66773650e-02</_>
  <_>
    3.95203400e+01 4.16081161e+01 2.20502911e+01 1.86110169e-01
    1.58773300e+02 -2.83612728e-01</_>
  <_>
    2.12273064e+01 3.25676079e+01 1.86399097e+01 5.71428575e-02
    1.77613129e+02 -3.21995467e-02</_>
  <_>
    4.15069122e+01 1.01400452e+02 1.88331356e+01 5.14792912e-02
    1.66363937e+02 -1.65680468e-01</_>
  <_>
    2.26330643e+01 6.72784271e+01 2.01556435e+01 1.03289708e-01
    7.27882996e+01 -6.68553263e-02</_>
  <_>
    2.08408337e+01 3.77748184e+01 1.89455910e+01 1.06960163e-02
    9.04377441e+01 -4.20089923e-02</_>
  <_>
    4.03925972e+01 1.01756699e+02 1.93479328e+01 5.95472455e-02
    7.40453033e+01 -8.26771632e-02</_>
  <_>
    4.18287773e+01 5.45950241e+01 1.87981377e+01 6.56540915e-02
    1.37834272e+01 -9.35815722e-02</_>
  <_>
    2.25764351e+01 4.45301476e+01 2.08201580e+01 1.26086950e-01
    9.31471729e+00 -1.58893272e-01</_>
  <_>
    2.08694324e+01 8.58546829e+01 1.86907291e+01 1.06304083e-02
    8.93403625e+01 -1.30778745e-01</_>
  <_>
    3.27505493e+01 5.88223801e+01 2.02646732e+01 1.25846505e-01
    1.33367020e+02 -2.49435678e-01</_>
  <_>
    2.11760921e+01 6.78078461e+01 1.89060001e+01 6.90000057e-02
    1.80563324e+02 -6.59999996e-02</_>
  <_>
    3.10484562e+01 2.98487988e+01 2.86814327e+01 4.34212685e-01
    9.01261978e+01 -8.46192148e-03</_>
  <_>
    2.95128574e+01 6.28197937e+01 1.89758282e+01 7.69919381e-02
    3.24914215e+02 -4.12712604e-01</_>
  <_>
    3.10874176e+01 2.71422634e+01 1.96441059e+01 7.96943232e-02
    2.74746399e+02 -2.75109172e-01</_>
  <_>
    3.13998623e+01 7.83754120e+01 1.97621021e+01 1.03505842e-01
    2.62694183e+02 -3.00500840e-01</_>
  <_>
    3.88071289e+01 1.03563461e+02 1.89879780e+01 5.72842993e-02
