<?xml version="1.0"?>
<opencv_storage>
<format>3</format>
<is_classifier>1</is_classifier>
<var_all>81</var_all>
<var_count>80</var_count>
<ord_var_count>80</ord_var_count>
<cat_var_count>1</cat_var_count>
<training_params>
  <boosting_type>RealAdaboost</boosting_type>
  <use_surrogates>0</use_surrogates>
  <max_categories>10</max_categories>
  <regression_accuracy>9.9999997764825821e-03</regression_accuracy>
  <max_depth>1</max_depth>
  <min_sample_count>10</min_sample_count>
  <cross_validation_folds>0</cross_validation_folds>
  <priors type_id="opencv-matrix">
    <rows>2</rows>
    <cols>1</cols>
    <dt>d</dt>
    <data>
      1.4960000000000666e+04 3906.</data></priors>
  <weight_trimming_rate>9.4999999999999996e-01</weight_trimming_rate></training_params>
<global_var_idx>1</global_var_idx>
<var_idx>
  0 1 2 3 4 5 6 7 8 9 10 11 12 13 14 15 16 17 18 19 20 21 22 23 24 25 26
  27 28 29 30 31 32 33 34 35 36 37 38 39 40 41 42 43 44 45 46 47 48 49
  50 51 52 53 54 55 56 57 58 59 60 61 62 63 64 65 66 67 68 69 70 71 72
  73 74 75 76 77 78 79</var_idx>
<var_type>
  0 0 0 0 0 0 0 0 0 0 0 0 0 0 0 0 0 0 0 0 0 0 0 0 0 0 0 0 0 0 0 0 0 0 0
  0 0 0 0 0 0 0 0 0 0 0 0 0 0 0 0 0 0 0 0 0 0 0 0 0 0 0 0 0 0 0 0 0 0 0
  0 0 0 0 0 0 0 0 0 0 1</var_type>
<cat_ofs>
  0 0 0 0 0 0 0 0 0 0 0 0 0 0 0 0 0 0 0 0 0 0 0 0 0 0 0 0 0 0 0 0 0 0 0
  0 0 0 0 0 0 0 0 0 0 0 0 0 0 0 0 0 0 0 0 0 0 0 0 0 0 0 0 0 0 0 0 0 0 0
  0 0 0 0 0 0 0 0 0 0 0 0 0 0 0 0 0 0 0 0 0 0 0 0 0 0 0 0 0 0 0 0 0 0 0
  0 0 0 0 0 0 0 0 0 0 0 0 0 0 0 0 0 0 0 0 0 0 0 0 0 0 0 0 0 0 0 0 0 0 0
  0 0 0 0 0 0 0 0 0 0 0 0 0 0 0 0 0 0 0 0</cat_ofs>
<class_labels>
  -1 1</class_labels>
<missing_subst>
  0. 0. 0. 0. 0. 0. 0. 0. 0. 0. 0. 0. 0. 0. 0. 0. 0. 0. 0. 0. 0. 0. 0.
  0. 0. 0. 0. 0. 0. 0. 0. 0. 0. 0. 0. 0. 0. 0. 0. 0. 0. 0. 0. 0. 0. 0.
  0. 0. 0. 0. 0. 0. 0. 0. 0. 0. 0. 0. 0. 0. 0. 0. 0. 0. 0. 0. 0. 0. 0.
  0. 0. 0. 0. 0. 0. 0. 0. 0. 0. 0. 0.</missing_subst>
<ntrees>200</ntrees>
<trees>
  <_>
    <nodes>
      <_>
        <depth>0</depth>
        <value>-1.3428661400916171e+00</value>
        <splits>
          <_><var>20</var>
            <quality>7.6666259765625000e-01</quality>
            <le>-2.4399904251098633e+01</le></_></splits></_>
      <_>
        <depth>1</depth>
        <value>-1.0324837525533828e+00</value></_>
      <_>
        <depth>1</depth>
        <value>-1.6610554782390456e+00</value></_></nodes></_>
  <_>
    <nodes>
      <_>
        <depth>0</depth>
        <value>-4.4239809663230867e-08</value>
        <splits>
          <_><var>11</var>
            <quality>3.0378401279449463e-02</quality>
            <le>-2.0961250305175781e+01</le></_></splits></_>
      <_>
        <depth>1</depth>
        <value>1.6889675222531719e-01</value></_>
      <_>
        <depth>1</depth>
        <value>-1.8360652100353808e-01</value></_></nodes></_>
  <_>
    <nodes>
      <_>
        <depth>0</depth>
        <value>1.0205822843077037e-09</value>
        <splits>
          <_><var>18</var>
            <quality>2.9811883345246315e-02</quality>
            <le>-6.3188343048095703e+00</le></_></splits></_>
      <_>
        <depth>1</depth>
        <value>-1.3245169475818164e-01</value></_>
      <_>
        <depth>1</depth>
        <value>2.3038334358444101e-01</value></_></nodes></_>
  <_>
    <nodes>
      <_>
        <depth>0</depth>
        <value>4.7402557210149976e-09</value>
        <splits>
          <_><var>52</var>
            <quality>2.2717747837305069e-02</quality>
            <le>-1.2510002136230469e+01</le></_></splits></_>
      <_>
        <depth>1</depth>
        <value>1.1500568122424586e-01</value></_>
      <_>
        <depth>1</depth>
        <value>-2.0107268446211812e-01</value></_></nodes></_>
  <_>
    <nodes>
      <_>
        <depth>0</depth>
        <value>-1.2111799911022263e-09</value>
        <splits>
          <_><var>22</var>
            <quality>1.7096294090151787e-02</quality>
            <le>-1.6551443099975586e+01</le></_></splits></_>
      <_>
        <depth>1</depth>
        <value>1.3069862628265586e-01</value></_>
      <_>
        <depth>1</depth>
        <value>-1.3231780848957780e-01</value></_></nodes></_>
  <_>
    <nodes>
      <_>
        <depth>0</depth>
        <value>5.0234413203094769e-02</value>
        <splits>
          <_><var>20</var>
            <quality>2.6020221412181854e-02</quality>
            <le>-2.2603733062744141e+01</le></_></splits></_>
      <_>
        <depth>1</depth>
        <value>-9.2339467326302022e-02</value></_>
      <_>
        <depth>1</depth>
        <value>2.2845054151710295e-01</value></_></nodes></_>
  <_>
    <nodes>
      <_>
        <depth>0</depth>
        <value>-1.9790349022753038e-02</value>
        <splits>
          <_><var>39</var>
            <quality>1.4428692869842052e-02</quality>
            <le>-2.4610622406005859e+01</le></_></splits></_>
      <_>
        <depth>1</depth>
        <value>8.0096559695186809e-02</value></_>
      <_>
        <depth>1</depth>
        <value>-1.6833624784167775e-01</value></_></nodes></_>
  <_>
    <nodes>
      <_>
        <depth>0</depth>
        <value>1.2988344523206734e-02</value>
        <splits>
          <_><var>15</var>
            <quality>1.3171276077628136e-02</quality>
            <le>-9.6948587894439697e-01</le></_></splits></_>
      <_>
        <depth>1</depth>
        <value>-6.6451805285474855e-02</value></_>
      <_>
        <depth>1</depth>
        <value>1.8762758764119278e-01</value></_></nodes></_>
  <_>
    <nodes>
      <_>
        <depth>0</depth>
        <value>-7.7478375087998647e-04</value>
        <splits>
          <_><var>41</var>
            <quality>1.0055345483124256e-02</quality>
            <le>-1.7477951049804688e+01</le></_></splits></_>
      <_>
        <depth>1</depth>
        <value>9.1021002691440908e-02</value></_>
      <_>
        <depth>1</depth>
        <value>-1.1660532515853714e-01</value></_></nodes></_>
  <_>
    <nodes>
      <_>
        <depth>0</depth>
        <value>-1.8331433110637891e-03</value>
        <splits>
          <_><var>11</var>
            <quality>1.1164477095007896e-02</quality>
            <le>-6.4013309478759766e+00</le></_></splits></_>
      <_>
        <depth>1</depth>
        <value>-8.1650786072865994e-02</value></_>
      <_>
        <depth>1</depth>
        <value>1.4596305357221162e-01</value></_></nodes></_>
  <_>
    <nodes>
      <_>
        <depth>0</depth>
        <value>1.2458321518751736e-03</value>
        <splits>
          <_><var>2</var>
            <quality>7.0947087369859219e-03</quality>
            <le>-1.8521862030029297e+01</le></_></splits></_>
      <_>
        <depth>1</depth>
        <value>8.1148237496503656e-02</value></_>
      <_>
        <depth>1</depth>
        <value>-9.2592488045460525e-02</value></_></nodes></_>
  <_>
    <nodes>
      <_>
        <depth>0</depth>
        <value>-4.7424076060734155e-04</value>
        <splits>
          <_><var>45</var>
            <quality>7.1098511107265949e-03</quality>
            <le>-1.0276908874511719e+01</le></_></splits></_>
      <_>
        <depth>1</depth>
        <value>-6.9820335823796806e-02</value></_>
      <_>
        <depth>1</depth>
        <value>1.0779369748937932e-01</value></_></nodes></_>
  <_>
    <nodes>
      <_>
        <depth>0</depth>
        <value>2.5457719280571303e-03</value>
        <splits>
          <_><var>28</var>
            <quality>5.6529319845139980e-03</quality>
            <le>-1.1009391784667969e+01</le></_></splits></_>
      <_>
        <depth>1</depth>
        <value>5.2934169923815270e-02</value></_>
      <_>
        <depth>1</depth>
        <value>-1.1599488737868187e-01</value></_></nodes></_>
  <_>
    <nodes>
      <_>
