<?xml version="1.0"?>
<opencv_storage>
<format>3</format>
<is_classifier>1</is_classifier>
<var_all>81</var_all>
<var_count>80</var_count>
<ord_var_count>80</ord_var_count>
<cat_var_count>1</cat_var_count>
<training_params>
  <boosting_type>RealAdaboost</boosting_type>
  <use_surrogates>0</use_surrogates>
  <max_categories>10</max_categories>
  <regression_accuracy>9.9999997764825821e-03</regression_accuracy>
  <max_depth>1</max_depth>
  <min_sample_count>10</min_sample_count>
  <cross_validation_folds>0</cross_validation_folds>
  <priors type_id="opencv-matrix">
    <rows>2</rows>
    <cols>1</cols>
    <dt>d</dt>
    <data>
      1.4960000000000029e+04 3906.</data></priors>
  <weight_trimming_rate>9.4999999999999996e-01</weight_trimming_rate></training_params>
<global_var_idx>1</global_var_idx>
<var_idx>
  0 1 2 3 4 5 6 7 8 9 10 11 12 13 14 15 16 17 18 19 20 21 22 23 24 25 26
  27 28 29 30 31 32 33 34 35 36 37 38 39 40 41 42 43 44 45 46 47 48 49
  50 51 52 53 54 55 56 57 58 59 60 61 62 63 64 65 66 67 68 69 70 71 72
  73 74 75 76 77 78 79</var_idx>
<var_type>
  0 0 0 0 0 0 0 0 0 0 0 0 0 0 0 0 0 0 0 0 0 0 0 0 0 0 0 0 0 0 0 0 0 0 0
  0 0 0 0 0 0 0 0 0 0 0 0 0 0 0 0 0 0 0 0 0 0 0 0 0 0 0 0 0 0 0 0 0 0 0
  0 0 0 0 0 0 0 0 0 0 1</var_type>
<cat_ofs>
  0 0 0 0 0 0 0 0 0 0 0 0 0 0 0 0 0 0 0 0 0 0 0 0 0 0 0 0 0 0 0 0 0 0 0
  0 0 0 0 0 0 0 0 0 0 0 0 0 0 0 0 0 0 0 0 0 0 0 0 0 0 0 0 0 0 0 0 0 0 0
  0 0 0 0 0 0 0 0 0 0 0 0 0 0 0 0 0 0 0 0 0 0 0 0 0 0 0 0 0 0 0 0 0 0 0
  0 0 0 0 0 0 0 0 0 0 0 0 0 0 0 0 0 0 0 0 0 0 0 0 0 0 0 0 0 0 0 0 0 0 0
  0 0 0 0 0 0 0 0 0 0 0 0 0 0 0 0 0 0 0 0</cat_ofs>
<class_labels>
  -1 1</class_labels>
<missing_subst>
  0. 0. 0. 0. 0. 0. 0. 0. 0. 0. 0. 0. 0. 0. 0. 0. 0. 0. 0. 0. 0. 0. 0.
  0. 0. 0. 0. 0. 0. 0. 0. 0. 0. 0. 0. 0. 0. 0. 0. 0. 0. 0. 0. 0. 0. 0.
  0. 0. 0. 0. 0. 0. 0. 0. 0. 0. 0. 0. 0. 0. 0. 0. 0. 0. 0. 0. 0. 0. 0.
  0. 0. 0. 0. 0. 0. 0. 0. 0. 0. 0. 0.</missing_subst>
<ntrees>200</ntrees>
<trees>
  <_>
    <nodes>
      <_>
        <depth>0</depth>
        <value>-1.3428661400916171e+00</value>
        <splits>
          <_><var>46</var>
            <quality>7.8052932024002075e-01</quality>
            <le>-1.9144854545593262e+00</le></_></splits></_>
      <_>
        <depth>1</depth>
        <value>-1.5482412928193854e+00</value></_>
      <_>
        <depth>1</depth>
        <value>-4.2109644389491135e-01</value></_></nodes></_>
  <_>
    <nodes>
      <_>
        <depth>0</depth>
        <value>-2.9365586880741563e-08</value>
        <splits>
          <_><var>22</var>
            <quality>7.5996287167072296e-02</quality>
            <le>-4.4241290092468262e+00</le></_></splits></_>
      <_>
        <depth>1</depth>
        <value>1.4633846476640475e-01</value></_>
      <_>
        <depth>1</depth>
        <value>-5.8048838901486222e-01</value></_></nodes></_>
  <_>
    <nodes>
      <_>
        <depth>0</depth>
        <value>5.5001270174717076e-10</value>
        <splits>
          <_><var>72</var>
            <quality>4.4349417090415955e-02</quality>
            <le>-6.4260120391845703e+00</le></_></splits></_>
      <_>
        <depth>1</depth>
        <value>7.9790255905169305e-02</value></_>
      <_>
        <depth>1</depth>
        <value>-6.2847905974264406e-01</value></_></nodes></_>
  <_>
    <nodes>
      <_>
        <depth>0</depth>
        <value>1.7087401129691242e-02</value>
        <splits>
          <_><var>34</var>
            <quality>3.5839352756738663e-02</quality>
            <le>-3.6680680513381958e-01</le></_></splits></_>
      <_>
        <depth>1</depth>
        <value>-7.8242612071314291e-02</value></_>
      <_>
        <depth>1</depth>
        <value>4.2012852474383339e-01</value></_></nodes></_>
  <_>
    <nodes>
      <_>
        <depth>0</depth>
        <value>2.3530697335214182e-09</value>
        <splits>
          <_><var>56</var>
            <quality>3.3973753452301025e-02</quality>
            <le>-3.3506450653076172e+00</le></_></splits></_>
      <_>
        <depth>1</depth>
        <value>7.9826436875558793e-02</value></_>
      <_>
        <depth>1</depth>
        <value>-4.6406304074176974e-01</value></_></nodes></_>
  <_>
    <nodes>
      <_>
        <depth>0</depth>
        <value>2.2198468750097913e-02</value>
        <splits>
          <_><var>22</var>
            <quality>1.5716984868049622e-02</quality>
            <le>-2.3611154556274414e+00</le></_></splits></_>
      <_>
        <depth>1</depth>
        <value>-2.8398026516088366e-02</value></_>
      <_>
        <depth>1</depth>
        <value>3.4823053382193186e-01</value></_></nodes></_>
  <_>
    <nodes>
      <_>
        <depth>0</depth>
        <value>1.8901027383141278e-03</value>
        <splits>
          <_><var>46</var>
            <quality>1.5210543759167194e-02</quality>
            <le>-1.4424114227294922e+00</le></_></splits></_>
      <_>
        <depth>1</depth>
        <value>6.5473308652210571e-02</value></_>
      <_>
        <depth>1</depth>
        <value>-2.5529604593555427e-01</value></_></nodes></_>
  <_>
    <nodes>
      <_>
        <depth>0</depth>
        <value>-2.6482863103573615e-03</value>
        <splits>
          <_><var>19</var>
            <quality>3.0522532761096954e-02</quality>
            <le>-2.3692984580993652e+00</le></_></splits></_>
      <_>
        <depth>1</depth>
        <value>-9.4367628633062861e-02</value></_>
      <_>
        <depth>1</depth>
        <value>3.6376750719793999e-01</value></_></nodes></_>
  <_>
    <nodes>
      <_>
        <depth>0</depth>
        <value>1.8867826390731766e-03</value>
        <splits>
          <_><var>20</var>
            <quality>1.2924721464514732e-02</quality>
            <le>-3.0483243465423584e+00</le></_></splits></_>
      <_>
        <depth>1</depth>
        <value>4.0517114643428061e-02</value></_>
      <_>
        <depth>1</depth>
        <value>-3.6514834045300687e-01</value></_></nodes></_>
  <_>
    <nodes>
      <_>
        <depth>0</depth>
        <value>-1.0897943686876084e-02</value>
        <splits>
          <_><var>48</var>
            <quality>1.3014966621994972e-02</quality>
            <le>-3.1027126312255859e+00</le></_></splits></_>
      <_>
        <depth>1</depth>
        <value>3.7944752020627186e-02</value></_>
      <_>
        <depth>1</depth>
        <value>-2.9322090848162019e-01</value></_></nodes></_>
  <_>
    <nodes>
      <_>
        <depth>0</depth>
        <value>1.3286137605562447e-02</value>
        <splits>
          <_><var>59</var>
            <quality>1.1476312763988972e-02</quality>
            <le>-3.5949540138244629e+00</le></_></splits></_>
      <_>
        <depth>1</depth>
        <value>5.5332933445862729e-02</value></_>
      <_>
        <depth>1</depth>
        <value>-2.7571254958859037e-01</value></_></nodes></_>
  <_>
    <nodes>
      <_>
        <depth>0</depth>
        <value>-1.2060357729809055e-04</value>
        <splits>
          <_><var>72</var>
            <quality>1.3347938656806946e-02</quality>
            <le>-6.5113730430603027e+00</le></_></splits></_>
      <_>
        <depth>1</depth>
        <value>-3.5591489724561193e-02</value></_>
      <_>
        <depth>1</depth>
        <value>4.1662965947959640e-01</value></_></nodes></_>
  <_>
    <nodes>
      <_>
        <depth>0</depth>
        <value>-1.0256430372683256e-02</value>
        <splits>
          <_><var>12</var>
            <quality>1.2135969474911690e-02</quality>
            <le>-6.1191387176513672e+00</le></_></splits></_>
      <_>
        <depth>1</depth>
        <value>2.5147452482074457e-02</value></_>
      <_>
        <depth>1</depth>
        <value>-3.8504317886660938e-01</value></_></nodes></_>
  <_>
    <nodes>
      <_>
