<?xml version="1.0"?>
<opencv_storage>
<format>3</format>
<is_classifier>1</is_classifier>
<var_all>81</var_all>
<var_count>80</var_count>
<ord_var_count>80</ord_var_count>
<cat_var_count>1</cat_var_count>
<training_params>
  <boosting_type>RealAdaboost</boosting_type>
  <use_surrogates>0</use_surrogates>
  <max_categories>10</max_categories>
  <regression_accuracy>9.9999997764825821e-03</regression_accuracy>
  <max_depth>1</max_depth>
  <min_sample_count>10</min_sample_count>
  <cross_validation_folds>0</cross_validation_folds>
  <priors type_id="opencv-matrix">
    <rows>2</rows>
    <cols>1</cols>
    <dt>d</dt>
    <data>
      1.4960000000000044e+04 3906.</data></priors>
  <weight_trimming_rate>9.4999999999999996e-01</weight_trimming_rate></training_params>
<global_var_idx>1</global_var_idx>
<var_idx>
  0 1 2 3 4 5 6 7 8 9 10 11 12 13 14 15 16 17 18 19 20 21 22 23 24 25 26
  27 28 29 30 31 32 33 34 35 36 37 38 39 40 41 42 43 44 45 46 47 48 49
  50 51 52 53 54 55 56 57 58 59 60 61 62 63 64 65 66 67 68 69 70 71 72
  73 74 75 76 77 78 79</var_idx>
<var_type>
  0 0 0 0 0 0 0 0 0 0 0 0 0 0 0 0 0 0 0 0 0 0 0 0 0 0 0 0 0 0 0 0 0 0 0
  0 0 0 0 0 0 0 0 0 0 0 0 0 0 0 0 0 0 0 0 0 0 0 0 0 0 0 0 0 0 0 0 0 0 0
  0 0 0 0 0 0 0 0 0 0 1</var_type>
<cat_ofs>
  0 0 0 0 0 0 0 0 0 0 0 0 0 0 0 0 0 0 0 0 0 0 0 0 0 0 0 0 0 0 0 0 0 0 0
  0 0 0 0 0 0 0 0 0 0 0 0 0 0 0 0 0 0 0 0 0 0 0 0 0 0 0 0 0 0 0 0 0 0 0
  0 0 0 0 0 0 0 0 0 0 0 0 0 0 0 0 0 0 0 0 0 0 0 0 0 0 0 0 0 0 0 0 0 0 0
  0 0 0 0 0 0 0 0 0 0 0 0 0 0 0 0 0 0 0 0 0 0 0 0 0 0 0 0 0 0 0 0 0 0 0
  0 0 0 0 0 0 0 0 0 0 0 0 0 0 0 0 0 0 0 0</cat_ofs>
<class_labels>
  -1 1</class_labels>
<missing_subst>
  0. 0. 0. 0. 0. 0. 0. 0. 0. 0. 0. 0. 0. 0. 0. 0. 0. 0. 0. 0. 0. 0. 0.
  0. 0. 0. 0. 0. 0. 0. 0. 0. 0. 0. 0. 0. 0. 0. 0. 0. 0. 0. 0. 0. 0. 0.
  0. 0. 0. 0. 0. 0. 0. 0. 0. 0. 0. 0. 0. 0. 0. 0. 0. 0. 0. 0. 0. 0. 0.
  0. 0. 0. 0. 0. 0. 0. 0. 0. 0. 0. 0.</missing_subst>
<ntrees>200</ntrees>
<trees>
  <_>
    <nodes>
      <_>
        <depth>0</depth>
        <value>-1.3428661400916171e+00</value>
        <splits>
          <_><var>47</var>
            <quality>7.6303219795227051e-01</quality>
            <le>-1.5798597335815430e+01</le></_></splits></_>
      <_>
        <depth>1</depth>
        <value>-1.5767603219120556e+00</value></_>
      <_>
        <depth>1</depth>
        <value>-1.1822063350496042e+00</value></_></nodes></_>
  <_>
    <nodes>
      <_>
        <depth>0</depth>
        <value>2.1874010346401500e-08</value>
        <splits>
          <_><var>34</var>
            <quality>3.3454738557338715e-02</quality>
            <le>-6.2885063171386719e+01</le></_></splits></_>
      <_>
        <depth>1</depth>
        <value>2.1838782032074797e-01</value></_>
      <_>
        <depth>1</depth>
        <value>-1.5689199704063633e-01</value></_></nodes></_>
  <_>
    <nodes>
      <_>
        <depth>0</depth>
        <value>-2.2754953482211148e-10</value>
        <splits>
          <_><var>6</var>
            <quality>2.8932280838489532e-02</quality>
            <le>-3.0715719223022461e+01</le></_></splits></_>
      <_>
        <depth>1</depth>
        <value>-2.5915418419851749e-01</value></_>
      <_>
        <depth>1</depth>
        <value>1.1462881464455842e-01</value></_></nodes></_>
  <_>
    <nodes>
      <_>
        <depth>0</depth>
        <value>3.1998872143300376e-02</value>
        <splits>
          <_><var>58</var>
            <quality>1.4859191142022610e-02</quality>
            <le>-6.0871372222900391e+01</le></_></splits></_>
      <_>
        <depth>1</depth>
        <value>1.9001665159585757e-01</value></_>
      <_>
        <depth>1</depth>
        <value>-5.9955649983124790e-02</value></_></nodes></_>
  <_>
    <nodes>
      <_>
        <depth>0</depth>
        <value>-2.5992718600658736e-09</value>
        <splits>
          <_><var>2</var>
            <quality>1.2807549908757210e-02</quality>
            <le>-2.1242538452148438e+01</le></_></splits></_>
      <_>
        <depth>1</depth>
        <value>-1.4654912304978465e-01</value></_>
      <_>
        <depth>1</depth>
        <value>9.1135131976066458e-02</value></_></nodes></_>
  <_>
    <nodes>
      <_>
        <depth>0</depth>
        <value>-4.2325129692025835e-03</value>
        <splits>
          <_><var>42</var>
            <quality>7.6997377909719944e-03</quality>
            <le>-2.5258932113647461e+01</le></_></splits></_>
      <_>
        <depth>1</depth>
        <value>-1.3358009883911870e-01</value></_>
      <_>
        <depth>1</depth>
        <value>5.7187499530253968e-02</value></_></nodes></_>
  <_>
    <nodes>
      <_>
        <depth>0</depth>
        <value>1.8834470507471286e-02</value>
        <splits>
          <_><var>36</var>
            <quality>1.1046299710869789e-02</quality>
            <le>-4.5131015777587891e+01</le></_></splits></_>
      <_>
        <depth>1</depth>
        <value>1.4610595950563318e-01</value></_>
      <_>
        <depth>1</depth>
        <value>-6.9899329654140155e-02</value></_></nodes></_>
  <_>
    <nodes>
      <_>
        <depth>0</depth>
        <value>-1.4082254141187694e-02</value>
        <splits>
          <_><var>25</var>
            <quality>8.1764012575149536e-03</quality>
            <le>-3.2497173309326172e+01</le></_></splits></_>
      <_>
        <depth>1</depth>
        <value>-1.4839755884378045e-01</value></_>
      <_>
        <depth>1</depth>
        <value>4.7839072100808726e-02</value></_></nodes></_>
  <_>
    <nodes>
      <_>
        <depth>0</depth>
        <value>1.9265581808075999e-02</value>
        <splits>
          <_><var>66</var>
            <quality>6.6292756237089634e-03</quality>
            <le>-9.4063987731933594e+00</le></_></splits></_>
      <_>
        <depth>1</depth>
        <value>-7.1879283346476072e-02</value></_>
      <_>
        <depth>1</depth>
        <value>9.2001355884781449e-02</value></_></nodes></_>
  <_>
    <nodes>
      <_>
        <depth>0</depth>
        <value>-8.3685249722857055e-03</value>
        <splits>
          <_><var>47</var>
            <quality>8.2925343886017799e-03</quality>
            <le>-1.4621032714843750e+01</le></_></splits></_>
      <_>
        <depth>1</depth>
        <value>1.0776432716879301e-01</value></_>
      <_>
        <depth>1</depth>
        <value>-8.2607832428707006e-02</value></_></nodes></_>
  <_>
    <nodes>
      <_>
        <depth>0</depth>
        <value>6.3252659244215593e-03</value>
        <splits>
          <_><var>31</var>
            <quality>6.8470551632344723e-03</quality>
            <le>-1.1783664703369141e+01</le></_></splits></_>
      <_>
        <depth>1</depth>
        <value>-9.4162164058781153e-02</value></_>
      <_>
        <depth>1</depth>
        <value>7.7998073329522244e-02</value></_></nodes></_>
  <_>
    <nodes>
      <_>
        <depth>0</depth>
        <value>-8.8901090509318336e-03</value>
        <splits>
          <_><var>72</var>
            <quality>5.5562807247042656e-03</quality>
            <le>-6.1270187377929688e+01</le></_></splits></_>
      <_>
        <depth>1</depth>
        <value>8.1285151651238577e-02</value></_>
      <_>
        <depth>1</depth>
        <value>-7.2481970512391122e-02</value></_></nodes></_>
  <_>
    <nodes>
      <_>
        <depth>0</depth>
        <value>1.1068091600264101e-02</value>
        <splits>
          <_><var>34</var>
            <quality>8.2123996689915657e-03</quality>
            <le>-3.4472160339355469e+01</le></_></splits></_>
      <_>
        <depth>1</depth>
        <value>-9.1574792832943230e-02</value></_>
      <_>
        <depth>1</depth>
        <value>9.4582939963381005e-02</value></_></nodes></_>
  <_>
    <nodes>
      <_>
