<?xml version="1.0"?>
<opencv_storage>
<format>3</format>
<is_classifier>1</is_classifier>
<var_all>81</var_all>
<var_count>80</var_count>
<ord_var_count>80</ord_var_count>
<cat_var_count>1</cat_var_count>
<training_params>
  <boosting_type>RealAdaboost</boosting_type>
  <use_surrogates>0</use_surrogates>
  <max_categories>10</max_categories>
  <regression_accuracy>9.9999997764825821e-03</regression_accuracy>
  <max_depth>1</max_depth>
  <min_sample_count>10</min_sample_count>
  <cross_validation_folds>0</cross_validation_folds>
  <priors type_id="opencv-matrix">
    <rows>2</rows>
    <cols>1</cols>
    <dt>d</dt>
    <data>
      1.4960000000000018e+04 3906.</data></priors>
  <weight_trimming_rate>9.4999999999999996e-01</weight_trimming_rate></training_params>
<global_var_idx>1</global_var_idx>
<var_idx>
  0 1 2 3 4 5 6 7 8 9 10 11 12 13 14 15 16 17 18 19 20 21 22 23 24 25 26
  27 28 29 30 31 32 33 34 35 36 37 38 39 40 41 42 43 44 45 46 47 48 49
  50 51 52 53 54 55 56 57 58 59 60 61 62 63 64 65 66 67 68 69 70 71 72
  73 74 75 76 77 78 79</var_idx>
<var_type>
  0 0 0 0 0 0 0 0 0 0 0 0 0 0 0 0 0 0 0 0 0 0 0 0 0 0 0 0 0 0 0 0 0 0 0
  0 0 0 0 0 0 0 0 0 0 0 0 0 0 0 0 0 0 0 0 0 0 0 0 0 0 0 0 0 0 0 0 0 0 0
  0 0 0 0 0 0 0 0 0 0 1</var_type>
<cat_ofs>
  0 0 0 0 0 0 0 0 0 0 0 0 0 0 0 0 0 0 0 0 0 0 0 0 0 0 0 0 0 0 0 0 0 0 0
  0 0 0 0 0 0 0 0 0 0 0 0 0 0 0 0 0 0 0 0 0 0 0 0 0 0 0 0 0 0 0 0 0 0 0
  0 0 0 0 0 0 0 0 0 0 0 0 0 0 0 0 0 0 0 0 0 0 0 0 0 0 0 0 0 0 0 0 0 0 0
  0 0 0 0 0 0 0 0 0 0 0 0 0 0 0 0 0 0 0 0 0 0 0 0 0 0 0 0 0 0 0 0 0 0 0
  0 0 0 0 0 0 0 0 0 0 0 0 0 0 0 0 0 0 0 0</cat_ofs>
<class_labels>
  -1 1</class_labels>
<missing_subst>
  0. 0. 0. 0. 0. 0. 0. 0. 0. 0. 0. 0. 0. 0. 0. 0. 0. 0. 0. 0. 0. 0. 0.
  0. 0. 0. 0. 0. 0. 0. 0. 0. 0. 0. 0. 0. 0. 0. 0. 0. 0. 0. 0. 0. 0. 0.
  0. 0. 0. 0. 0. 0. 0. 0. 0. 0. 0. 0. 0. 0. 0. 0. 0. 0. 0. 0. 0. 0. 0.
  0. 0. 0. 0. 0. 0. 0. 0. 0. 0. 0. 0.</missing_subst>
<ntrees>200</ntrees>
<trees>
  <_>
    <nodes>
      <_>
        <depth>0</depth>
        <value>-1.3428661400916171e+00</value>
        <splits>
          <_><var>19</var>
            <quality>7.8282439708709717e-01</quality>
            <le>7.6223659515380859e+00</le></_></splits></_>
      <_>
        <depth>1</depth>
        <value>-1.6028771737885843e+00</value></_>
      <_>
        <depth>1</depth>
        <value>-4.6457590150547712e-01</value></_></nodes></_>
  <_>
    <nodes>
      <_>
        <depth>0</depth>
        <value>-2.9781434261887347e-08</value>
        <splits>
          <_><var>39</var>
            <quality>7.9699344933032990e-02</quality>
            <le>4.8791160583496094e+00</le></_></splits></_>
      <_>
        <depth>1</depth>
        <value>-1.7355462772915070e-01</value></_>
      <_>
        <depth>1</depth>
        <value>5.0216637663348807e-01</value></_></nodes></_>
  <_>
    <nodes>
      <_>
        <depth>0</depth>
        <value>-2.4263275891807070e-09</value>
        <splits>
          <_><var>54</var>
            <quality>5.0414040684700012e-02</quality>
            <le>8.0178813934326172e+00</le></_></splits></_>
      <_>
        <depth>1</depth>
        <value>9.7240826985478424e-02</value></_>
      <_>
        <depth>1</depth>
        <value>-5.7644703224999849e-01</value></_></nodes></_>
  <_>
    <nodes>
      <_>
        <depth>0</depth>
        <value>-3.9177237163565167e-09</value>
        <splits>
          <_><var>68</var>
            <quality>3.2730557024478912e-02</quality>
            <le>1.1283954620361328e+01</le></_></splits></_>
      <_>
        <depth>1</depth>
        <value>-1.0933193337746934e-01</value></_>
      <_>
        <depth>1</depth>
        <value>3.1013572699456693e-01</value></_></nodes></_>
  <_>
    <nodes>
      <_>
        <depth>0</depth>
        <value>5.2138189574603200e-02</value>
        <splits>
          <_><var>19</var>
            <quality>4.5861370861530304e-02</quality>
            <le>7.6223659515380859e+00</le></_></splits></_>
      <_>
        <depth>1</depth>
        <value>1.8424841073301093e-01</value></_>
      <_>
        <depth>1</depth>
        <value>-3.0723787788930174e-01</value></_></nodes></_>
  <_>
    <nodes>
      <_>
        <depth>0</depth>
        <value>-6.0403159214271286e-02</value>
        <splits>
          <_><var>55</var>
            <quality>3.3247902989387512e-02</quality>
            <le>1.2123800277709961e+01</le></_></splits></_>
      <_>
        <depth>1</depth>
        <value>9.9295963412116724e-03</value></_>
      <_>
        <depth>1</depth>
        <value>-5.2525369395645893e-01</value></_></nodes></_>
  <_>
    <nodes>
      <_>
        <depth>0</depth>
        <value>1.3137490345145955e-02</value>
        <splits>
          <_><var>48</var>
            <quality>2.0259853452444077e-02</quality>
            <le>8.4728012084960938e+00</le></_></splits></_>
      <_>
        <depth>1</depth>
        <value>-7.4887033694943261e-02</value></_>
      <_>
        <depth>1</depth>
        <value>2.4980007640254004e-01</value></_></nodes></_>
  <_>
    <nodes>
      <_>
        <depth>0</depth>
        <value>3.8349746811479353e-02</value>
        <splits>
          <_><var>54</var>
            <quality>3.2572135329246521e-02</quality>
            <le>1.1095428466796875e+01</le></_></splits></_>
      <_>
        <depth>1</depth>
        <value>-1.7572777083957426e-02</value></_>
      <_>
        <depth>1</depth>
        <value>7.3243463872187820e-01</value></_></nodes></_>
  <_>
    <nodes>
      <_>
        <depth>0</depth>
        <value>-5.7316715439625389e-02</value>
        <splits>
          <_><var>54</var>
            <quality>5.8868985623121262e-02</quality>
            <le>1.3440412521362305e+01</le></_></splits></_>
      <_>
        <depth>1</depth>
        <value>4.4463673690744256e-02</value></_>
      <_>
        <depth>1</depth>
        <value>-7.3943261827529416e-01</value></_></nodes></_>
  <_>
    <nodes>
      <_>
        <depth>0</depth>
        <value>1.9804180061461043e-03</value>
        <splits>
          <_><var>54</var>
            <quality>2.9346430674195290e-02</quality>
            <le>1.3440412521362305e+01</le></_></splits></_>
      <_>
        <depth>1</depth>
        <value>-4.8151390297078295e-02</value></_>
      <_>
        <depth>1</depth>
        <value>7.1883016930938515e-01</value></_></nodes></_>
  <_>
    <nodes>
      <_>
        <depth>0</depth>
        <value>-5.1184804795176363e-02</value>
        <splits>
          <_><var>54</var>
            <quality>5.6273501366376877e-02</quality>
            <le>1.3440412521362305e+01</le></_></splits></_>
      <_>
        <depth>1</depth>
        <value>4.8127909282129726e-02</value></_>
      <_>
        <depth>1</depth>
        <value>-7.1883015359941449e-01</value></_></nodes></_>
  <_>
    <nodes>
      <_>
        <depth>0</depth>
        <value>2.0021300145758995e-03</value>
        <splits>
          <_><var>54</var>
            <quality>2.9344471171498299e-02</quality>
            <le>1.3440412521362305e+01</le></_></splits></_>
      <_>
        <depth>1</depth>
        <value>-4.8127909792418898e-02</value></_>
      <_>
        <depth>1</depth>
        <value>7.1883016930939092e-01</value></_></nodes></_>
  <_>
    <nodes>
      <_>
        <depth>0</depth>
        <value>-5.1184804795174212e-02</value>
        <splits>
          <_><var>54</var>
            <quality>5.6273501366376877e-02</quality>
            <le>1.3440412521362305e+01</le></_></splits></_>
      <_>
        <depth>1</depth>
        <value>4.8127909282140106e-02</value></_>
      <_>
        <depth>1</depth>
        <value>-7.1883015359939850e-01</value></_></nodes></_>
  <_>
    <nodes>
      <_>
        <depth>0</depth>
