<?xml version="1.0"?>
<opencv_storage>
<format>3</format>
<is_classifier>1</is_classifier>
<var_all>81</var_all>
<var_count>80</var_count>
<ord_var_count>80</ord_var_count>
<cat_var_count>1</cat_var_count>
<training_params>
  <boosting_type>RealAdaboost</boosting_type>
  <use_surrogates>0</use_surrogates>
  <max_categories>10</max_categories>
  <regression_accuracy>9.9999997764825821e-03</regression_accuracy>
  <max_depth>1</max_depth>
  <min_sample_count>10</min_sample_count>
  <cross_validation_folds>0</cross_validation_folds>
  <priors type_id="opencv-matrix">
    <rows>2</rows>
    <cols>1</cols>
    <dt>d</dt>
    <data>
      1.4960000000000051e+04 3906.</data></priors>
  <weight_trimming_rate>9.4999999999999996e-01</weight_trimming_rate></training_params>
<global_var_idx>1</global_var_idx>
<var_idx>
  0 1 2 3 4 5 6 7 8 9 10 11 12 13 14 15 16 17 18 19 20 21 22 23 24 25 26
  27 28 29 30 31 32 33 34 35 36 37 38 39 40 41 42 43 44 45 46 47 48 49
  50 51 52 53 54 55 56 57 58 59 60 61 62 63 64 65 66 67 68 69 70 71 72
  73 74 75 76 77 78 79</var_idx>
<var_type>
  0 0 0 0 0 0 0 0 0 0 0 0 0 0 0 0 0 0 0 0 0 0 0 0 0 0 0 0 0 0 0 0 0 0 0
  0 0 0 0 0 0 0 0 0 0 0 0 0 0 0 0 0 0 0 0 0 0 0 0 0 0 0 0 0 0 0 0 0 0 0
  0 0 0 0 0 0 0 0 0 0 1</var_type>
<cat_ofs>
  0 0 0 0 0 0 0 0 0 0 0 0 0 0 0 0 0 0 0 0 0 0 0 0 0 0 0 0 0 0 0 0 0 0 0
  0 0 0 0 0 0 0 0 0 0 0 0 0 0 0 0 0 0 0 0 0 0 0 0 0 0 0 0 0 0 0 0 0 0 0
  0 0 0 0 0 0 0 0 0 0 0 0 0 0 0 0 0 0 0 0 0 0 0 0 0 0 0 0 0 0 0 0 0 0 0
  0 0 0 0 0 0 0 0 0 0 0 0 0 0 0 0 0 0 0 0 0 0 0 0 0 0 0 0 0 0 0 0 0 0 0
  0 0 0 0 0 0 0 0 0 0 0 0 0 0 0 0 0 0 0 0</cat_ofs>
<class_labels>
  -1 1</class_labels>
<missing_subst>
  0. 0. 0. 0. 0. 0. 0. 0. 0. 0. 0. 0. 0. 0. 0. 0. 0. 0. 0. 0. 0. 0. 0.
  0. 0. 0. 0. 0. 0. 0. 0. 0. 0. 0. 0. 0. 0. 0. 0. 0. 0. 0. 0. 0. 0. 0.
  0. 0. 0. 0. 0. 0. 0. 0. 0. 0. 0. 0. 0. 0. 0. 0. 0. 0. 0. 0. 0. 0. 0.
  0. 0. 0. 0. 0. 0. 0. 0. 0. 0. 0. 0.</missing_subst>
<ntrees>200</ntrees>
<trees>
  <_>
    <nodes>
      <_>
        <depth>0</depth>
        <value>-1.3428661400916171e+00</value>
        <splits>
          <_><var>72</var>
            <quality>7.6301884651184082e-01</quality>
            <le>5.2321556091308594e+01</le></_></splits></_>
      <_>
        <depth>1</depth>
        <value>-1.3675016530330453e+00</value></_>
      <_>
        <depth>1</depth>
        <value>-5.8153651482562341e-01</value></_></nodes></_>
  <_>
    <nodes>
      <_>
        <depth>0</depth>
        <value>-3.5034875673447434e-08</value>
        <splits>
          <_><var>13</var>
            <quality>3.7993520498275757e-02</quality>
            <le>-1.0095933675765991e+00</le></_></splits></_>
      <_>
        <depth>1</depth>
        <value>1.1778798682674155e-01</value></_>
      <_>
        <depth>1</depth>
        <value>-3.3616436239666303e-01</value></_></nodes></_>
  <_>
    <nodes>
      <_>
        <depth>0</depth>
        <value>-1.9489804808052815e-09</value>
        <splits>
          <_><var>41</var>
            <quality>2.4418288841843605e-02</quality>
            <le>-4.4141891598701477e-01</le></_></splits></_>
      <_>
        <depth>1</depth>
        <value>8.9509625351840219e-02</value></_>
      <_>
        <depth>1</depth>
        <value>-2.8067411133800668e-01</value></_></nodes></_>
  <_>
    <nodes>
      <_>
        <depth>0</depth>
        <value>4.5376802980250916e-02</value>
        <splits>
          <_><var>78</var>
            <quality>2.4741020053625107e-02</quality>
            <le>2.2736253738403320e+00</le></_></splits></_>
      <_>
        <depth>1</depth>
        <value>-4.3069205875142839e-02</value></_>
      <_>
        <depth>1</depth>
        <value>3.2574001820676951e-01</value></_></nodes></_>
  <_>
    <nodes>
      <_>
        <depth>0</depth>
        <value>2.2894353027590064e-09</value>
        <splits>
          <_><var>21</var>
            <quality>2.2614518180489540e-02</quality>
            <le>3.9588680267333984e+00</le></_></splits></_>
      <_>
        <depth>1</depth>
        <value>-7.3701366229187271e-02</value></_>
      <_>
        <depth>1</depth>
        <value>3.3461672319794622e-01</value></_></nodes></_>
  <_>
    <nodes>
      <_>
        <depth>0</depth>
        <value>-1.5794312092989333e-02</value>
        <splits>
          <_><var>24</var>
            <quality>1.6218276694417000e-02</quality>
            <le>8.2542066574096680e+00</le></_></splits></_>
      <_>
        <depth>1</depth>
        <value>3.3510949253886042e-02</value></_>
      <_>
        <depth>1</depth>
        <value>-3.6707652278338493e-01</value></_></nodes></_>
  <_>
    <nodes>
      <_>
        <depth>0</depth>
        <value>1.7033567150985852e-02</value>
        <splits>
          <_><var>65</var>
            <quality>1.5611245296895504e-02</quality>
            <le>6.4099845886230469e+00</le></_></splits></_>
      <_>
        <depth>1</depth>
        <value>-4.7888870390435087e-02</value></_>
      <_>
        <depth>1</depth>
        <value>2.7222603769707437e-01</value></_></nodes></_>
  <_>
    <nodes>
      <_>
        <depth>0</depth>
        <value>-5.0327483234984720e-03</value>
        <splits>
          <_><var>39</var>
            <quality>1.2629230506718159e-02</quality>
            <le>5.0179963111877441e+00</le></_></splits></_>
      <_>
        <depth>1</depth>
        <value>4.4567798593878091e-02</value></_>
      <_>
        <depth>1</depth>
        <value>-2.7846347941560790e-01</value></_></nodes></_>
  <_>
    <nodes>
      <_>
        <depth>0</depth>
        <value>4.1527253544799804e-03</value>
        <splits>
          <_><var>36</var>
            <quality>1.0133811272680759e-02</quality>
            <le>1.0791951179504395e+01</le></_></splits></_>
      <_>
        <depth>1</depth>
        <value>4.8036723362590392e-02</value></_>
      <_>
        <depth>1</depth>
        <value>-2.4293707155890240e-01</value></_></nodes></_>
  <_>
    <nodes>
      <_>
        <depth>0</depth>
        <value>2.1997551104390770e-03</value>
        <splits>
          <_><var>27</var>
            <quality>1.0440473444759846e-02</quality>
            <le>1.6037412643432617e+01</le></_></splits></_>
      <_>
        <depth>1</depth>
        <value>-4.9709531224151844e-02</value></_>
      <_>
        <depth>1</depth>
        <value>2.1729398609174855e-01</value></_></nodes></_>
  <_>
    <nodes>
      <_>
        <depth>0</depth>
        <value>-2.2889347713485344e-03</value>
        <splits>
          <_><var>31</var>
            <quality>9.3822460621595383e-03</quality>
            <le>6.7443437576293945e+00</le></_></splits></_>
      <_>
        <depth>1</depth>
        <value>3.7069316131381494e-02</value></_>
      <_>
        <depth>1</depth>
        <value>-2.5812780345004516e-01</value></_></nodes></_>
  <_>
    <nodes>
      <_>
        <depth>0</depth>
        <value>3.3777980738788124e-03</value>
        <splits>
          <_><var>72</var>
            <quality>9.1959927231073380e-03</quality>
            <le>1.7723579406738281e+00</le></_></splits></_>
      <_>
        <depth>1</depth>
        <value>-5.2271952388278996e-02</value></_>
      <_>
        <depth>1</depth>
        <value>1.7914931870336431e-01</value></_></nodes></_>
  <_>
    <nodes>
      <_>
        <depth>0</depth>
        <value>-1.0113425402407334e-03</value>
        <splits>
          <_><var>50</var>
            <quality>8.2369688898324966e-03</quality>
            <le>3.2701392173767090e+00</le></_></splits></_>
      <_>
        <depth>1</depth>
        <value>4.3016479945520658e-02</value></_>
      <_>
        <depth>1</depth>
        <value>-2.0065085101327879e-01</value></_></nodes></_>
  <_>
    <nodes>
      <_>
        <depth>0</depth>
