<?xml version="1.0"?>
<opencv_storage>
<format>3</format>
<is_classifier>1</is_classifier>
<var_all>81</var_all>
<var_count>80</var_count>
<ord_var_count>80</ord_var_count>
<cat_var_count>1</cat_var_count>
<training_params>
  <boosting_type>RealAdaboost</boosting_type>
  <use_surrogates>0</use_surrogates>
  <max_categories>10</max_categories>
  <regression_accuracy>9.9999997764825821e-03</regression_accuracy>
  <max_depth>1</max_depth>
  <min_sample_count>10</min_sample_count>
  <cross_validation_folds>0</cross_validation_folds>
  <priors type_id="opencv-matrix">
    <rows>2</rows>
    <cols>1</cols>
    <dt>d</dt>
    <data>
      4.6683907423963011e-313 4.8805903203070707e-313</data></priors>
  <weight_trimming_rate>9.4999999999999996e-01</weight_trimming_rate></training_params>
<global_var_idx>1</global_var_idx>
<var_idx>
  0 1 2 3 4 5 6 7 8 9 10 11 12 13 14 15 16 17 18 19 20 21 22 23 24 25 26
  27 28 29 30 31 32 33 34 35 36 37 38 39 40 41 42 43 44 45 46 47 48 49
  50 51 52 53 54 55 56 57 58 59 60 61 62 63 64 65 66 67 68 69 70 71 72
  73 74 75 76 77 78 79</var_idx>
<var_type>
  0 0 0 0 0 0 0 0 0 0 0 0 0 0 0 0 0 0 0 0 0 0 0 0 0 0 0 0 0 0 0 0 0 0 0
  0 0 0 0 0 0 0 0 0 0 0 0 0 0 0 0 0 0 0 0 0 0 0 0 0 0 0 0 0 0 0 0 0 0 0
  0 0 0 0 0 0 0 0 0 0 1</var_type>
<cat_ofs>
  0 0 0 0 0 0 0 0 0 0 0 0 0 0 0 0 0 0 0 0 0 0 0 0 0 0 0 0 0 0 0 0 0 0 0
  0 0 0 0 0 0 0 0 0 0 0 0 0 0 0 0 0 0 0 0 0 0 0 0 0 0 0 0 0 0 0 0 0 0 0
  0 0 0 0 0 0 0 0 0 0 0 0 0 0 0 0 0 0 0 0 0 0 0 0 0 0 0 0 0 0 0 0 0 0 0
  0 0 0 0 0 0 0 0 0 0 0 0 0 0 0 0 0 0 0 0 0 0 0 0 0 0 0 0 0 0 0 0 0 0 0
  0 0 0 0 0 0 0 0 0 0 0 0 0 0 0 0 0 0 0 0</cat_ofs>
<class_labels>
  -1 1</class_labels>
<missing_subst>
  0. 0. 0. 0. 0. 0. 0. 0. 0. 0. 0. 0. 0. 0. 0. 0. 0. 0. 0. 0. 0. 0. 0.
  0. 0. 0. 0. 0. 0. 0. 0. 0. 0. 0. 0. 0. 0. 0. 0. 0. 0. 0. 0. 0. 0. 0.
  0. 0. 0. 0. 0. 0. 0. 0. 0. 0. 0. 0. 0. 0. 0. 0. 0. 0. 0. 0. 0. 0. 0.
  0. 0. 0. 0. 0. 0. 0. 0. 0. 0. 0. 0.</missing_subst>
<ntrees>200</ntrees>
<trees>
  <_>
    <nodes>
      <_>
        <depth>0</depth>
        <value>-1.3428661400916171e+00</value>
        <splits>
          <_><var>53</var>
            <quality>7.6605898141860962e-01</quality>
            <le>-2.1229541778564453e+01</le></_></splits></_>
      <_>
        <depth>1</depth>
        <value>-1.0444492668185434e+00</value></_>
      <_>
        <depth>1</depth>
        <value>-1.6352951273159300e+00</value></_></nodes></_>
  <_>
    <nodes>
      <_>
        <depth>0</depth>
        <value>-1.5224232051432170e-08</value>
        <splits>
          <_><var>20</var>
            <quality>4.1298482567071915e-02</quality>
            <le>7.1675748825073242e+00</le></_></splits></_>
      <_>
        <depth>1</depth>
        <value>-1.2761807489045091e-01</value></_>
      <_>
        <depth>1</depth>
        <value>3.3763559784578562e-01</value></_></nodes></_>
  <_>
    <nodes>
      <_>
        <depth>0</depth>
        <value>-2.6983060303442790e-09</value>
        <splits>
          <_><var>42</var>
            <quality>3.7753485143184662e-02</quality>
            <le>-1.7338829040527344e+01</le></_></splits></_>
      <_>
        <depth>1</depth>
        <value>1.9575276423995114e-01</value></_>
      <_>
        <depth>1</depth>
        <value>-1.9786254618205812e-01</value></_></nodes></_>
  <_>
    <nodes>
      <_>
        <depth>0</depth>
        <value>-5.4413917845629529e-10</value>
        <splits>
          <_><var>54</var>
            <quality>3.0786579474806786e-02</quality>
            <le>6.4257574081420898e+00</le></_></splits></_>
      <_>
        <depth>1</depth>
        <value>8.5922823595851003e-02</value></_>
      <_>
        <depth>1</depth>
        <value>-3.7595140132186022e-01</value></_></nodes></_>
  <_>
    <nodes>
      <_>
        <depth>0</depth>
        <value>2.7625274448811080e-02</value>
        <splits>
          <_><var>31</var>
            <quality>2.9723424464464188e-02</quality>
            <le>-3.5415930747985840e+00</le></_></splits></_>
      <_>
        <depth>1</depth>
        <value>-9.5558342221777795e-02</value></_>
      <_>
        <depth>1</depth>
        <value>2.7682914975859513e-01</value></_></nodes></_>
  <_>
    <nodes>
      <_>
        <depth>0</depth>
        <value>-4.0275518774031743e-03</value>
        <splits>
          <_><var>65</var>
            <quality>2.1099258214235306e-02</quality>
            <le>9.3159370422363281e+00</le></_></splits></_>
      <_>
        <depth>1</depth>
        <value>-9.3831582310444181e-02</value></_>
      <_>
        <depth>1</depth>
        <value>2.4191293219203638e-01</value></_></nodes></_>
  <_>
    <nodes>
      <_>
        <depth>0</depth>
        <value>-2.5075777034937346e-03</value>
        <splits>
          <_><var>5</var>
            <quality>1.9047876819968224e-02</quality>
            <le>-8.8980131149291992e+00</le></_></splits></_>
      <_>
        <depth>1</depth>
        <value>1.1214227925678809e-01</value></_>
      <_>
        <depth>1</depth>
        <value>-1.7465334672557631e-01</value></_></nodes></_>
  <_>
    <nodes>
      <_>
        <depth>0</depth>
        <value>2.9852557141808421e-02</value>
        <splits>
          <_><var>48</var>
            <quality>1.5834335237741470e-02</quality>
            <le>-1.4130559563636780e-01</le></_></splits></_>
      <_>
        <depth>1</depth>
        <value>-6.5473375705278475e-02</value></_>
      <_>
        <depth>1</depth>
        <value>1.9802429382063849e-01</value></_></nodes></_>
  <_>
    <nodes>
      <_>
        <depth>0</depth>
        <value>-2.6487652540392041e-03</value>
        <splits>
          <_><var>62</var>
            <quality>1.3200799003243446e-02</quality>
            <le>-1.1851699829101563e+01</le></_></splits></_>
      <_>
        <depth>1</depth>
        <value>9.5794115623148102e-02</value></_>
      <_>
        <depth>1</depth>
        <value>-1.4495204839507506e-01</value></_></nodes></_>
  <_>
    <nodes>
      <_>
        <depth>0</depth>
        <value>2.9587837186705731e-03</value>
        <splits>
          <_><var>67</var>
            <quality>1.5187314711511135e-02</quality>
            <le>2.7393587112426758e+01</le></_></splits></_>
      <_>
        <depth>1</depth>
        <value>4.6186174215735711e-02</value></_>
      <_>
        <depth>1</depth>
        <value>-3.8473696701825610e-01</value></_></nodes></_>
  <_>
    <nodes>
      <_>
        <depth>0</depth>
        <value>-5.2776239908406634e-03</value>
        <splits>
          <_><var>19</var>
            <quality>1.2908735312521458e-02</quality>
            <le>2.0844757080078125e+01</le></_></splits></_>
      <_>
        <depth>1</depth>
        <value>3.5556697824709112e-02</value></_>
      <_>
        <depth>1</depth>
        <value>-3.4925097452574438e-01</value></_></nodes></_>
  <_>
    <nodes>
      <_>
        <depth>0</depth>
        <value>6.2896794668882957e-03</value>
        <splits>
          <_><var>6</var>
            <quality>1.2247327715158463e-02</quality>
            <le>2.9942306518554688e+01</le></_></splits></_>
      <_>
        <depth>1</depth>
        <value>-4.1891934438001412e-02</value></_>
      <_>
        <depth>1</depth>
        <value>2.8013040699196307e-01</value></_></nodes></_>
  <_>
    <nodes>
      <_>
        <depth>0</depth>
        <value>2.6360955105224522e-04</value>
        <splits>
          <_><var>53</var>
            <quality>1.1458141729235649e-02</quality>
            <le>-1.8871931076049805e+01</le></_></splits></_>
      <_>
        <depth>1</depth>
        <value>-9.8189305355447731e-02</value></_>
      <_>
        <depth>1</depth>
        <value>1.2379196334542505e-01</value></_></nodes></_>
  <_>
    <nodes>
      <_>
