<?xml version="1.0"?>
<opencv_storage>
<format>3</format>
<is_classifier>1</is_classifier>
<var_all>81</var_all>
<var_count>80</var_count>
<ord_var_count>80</ord_var_count>
<cat_var_count>1</cat_var_count>
<training_params>
  <boosting_type>RealAdaboost</boosting_type>
  <use_surrogates>0</use_surrogates>
  <max_categories>10</max_categories>
  <regression_accuracy>9.9999997764825821e-03</regression_accuracy>
  <max_depth>1</max_depth>
  <min_sample_count>10</min_sample_count>
  <cross_validation_folds>0</cross_validation_folds>
  <priors type_id="opencv-matrix">
    <rows>2</rows>
    <cols>1</cols>
    <dt>d</dt>
    <data>
      1.4960000000000036e+04 3906.</data></priors>
  <weight_trimming_rate>9.4999999999999996e-01</weight_trimming_rate></training_params>
<global_var_idx>1</global_var_idx>
<var_idx>
  0 1 2 3 4 5 6 7 8 9 10 11 12 13 14 15 16 17 18 19 20 21 22 23 24 25 26
  27 28 29 30 31 32 33 34 35 36 37 38 39 40 41 42 43 44 45 46 47 48 49
  50 51 52 53 54 55 56 57 58 59 60 61 62 63 64 65 66 67 68 69 70 71 72
  73 74 75 76 77 78 79</var_idx>
<var_type>
  0 0 0 0 0 0 0 0 0 0 0 0 0 0 0 0 0 0 0 0 0 0 0 0 0 0 0 0 0 0 0 0 0 0 0
  0 0 0 0 0 0 0 0 0 0 0 0 0 0 0 0 0 0 0 0 0 0 0 0 0 0 0 0 0 0 0 0 0 0 0
  0 0 0 0 0 0 0 0 0 0 1</var_type>
<cat_ofs>
  0 0 0 0 0 0 0 0 0 0 0 0 0 0 0 0 0 0 0 0 0 0 0 0 0 0 0 0 0 0 0 0 0 0 0
  0 0 0 0 0 0 0 0 0 0 0 0 0 0 0 0 0 0 0 0 0 0 0 0 0 0 0 0 0 0 0 0 0 0 0
  0 0 0 0 0 0 0 0 0 0 0 0 0 0 0 0 0 0 0 0 0 0 0 0 0 0 0 0 0 0 0 0 0 0 0
  0 0 0 0 0 0 0 0 0 0 0 0 0 0 0 0 0 0 0 0 0 0 0 0 0 0 0 0 0 0 0 0 0 0 0
  0 0 0 0 0 0 0 0 0 0 0 0 0 0 0 0 0 0 0 0</cat_ofs>
<class_labels>
  -1 1</class_labels>
<missing_subst>
  0. 0. 0. 0. 0. 0. 0. 0. 0. 0. 0. 0. 0. 0. 0. 0. 0. 0. 0. 0. 0. 0. 0.
  0. 0. 0. 0. 0. 0. 0. 0. 0. 0. 0. 0. 0. 0. 0. 0. 0. 0. 0. 0. 0. 0. 0.
  0. 0. 0. 0. 0. 0. 0. 0. 0. 0. 0. 0. 0. 0. 0. 0. 0. 0. 0. 0. 0. 0. 0.
  0. 0. 0. 0. 0. 0. 0. 0. 0. 0. 0. 0.</missing_subst>
<ntrees>200</ntrees>
<trees>
  <_>
    <nodes>
      <_>
        <depth>0</depth>
        <value>-1.3428661400916171e+00</value>
        <splits>
          <_><var>35</var>
            <quality>7.7848166227340698e-01</quality>
            <le>1.1976139068603516e+01</le></_></splits></_>
      <_>
        <depth>1</depth>
        <value>-1.4391198309509525e+00</value></_>
      <_>
        <depth>1</depth>
        <value>-4.6763330023997421e-02</value></_></nodes></_>
  <_>
    <nodes>
      <_>
        <depth>0</depth>
        <value>-1.4272579322274792e-08</value>
        <splits>
          <_><var>62</var>
            <quality>1.2256102263927460e-01</quality>
            <le>-2.7462646961212158e+00</le></_></splits></_>
      <_>
        <depth>1</depth>
        <value>1.4748277274391350e-01</value></_>
      <_>
        <depth>1</depth>
        <value>-1.2111886108908265e+00</value></_></nodes></_>
  <_>
    <nodes>
      <_>
        <depth>0</depth>
        <value>4.5129237938618678e-02</value>
        <splits>
          <_><var>23</var>
            <quality>1.0726939886808395e-01</quality>
            <le>-3.1582345962524414e+00</le></_></splits></_>
      <_>
        <depth>1</depth>
        <value>1.7332840273731046e-01</value></_>
      <_>
        <depth>1</depth>
        <value>-1.1721015251943880e+00</value></_></nodes></_>
  <_>
    <nodes>
      <_>
        <depth>0</depth>
        <value>7.2103567509054504e-10</value>
        <splits>
          <_><var>42</var>
            <quality>5.5873837321996689e-02</quality>
            <le>-3.2359480857849121e+00</le></_></splits></_>
      <_>
        <depth>1</depth>
        <value>7.5344197973417446e-02</value></_>
      <_>
        <depth>1</depth>
        <value>-1.0429387608314498e+00</value></_></nodes></_>
  <_>
    <nodes>
      <_>
        <depth>0</depth>
        <value>-3.2549159081971049e-02</value>
        <splits>
          <_><var>31</var>
            <quality>6.5267175436019897e-02</quality>
            <le>-1.4551301002502441e+00</le></_></splits></_>
      <_>
        <depth>1</depth>
        <value>5.4776221484093245e-02</value></_>
      <_>
        <depth>1</depth>
        <value>-1.0396322081554534e+00</value></_></nodes></_>
  <_>
    <nodes>
      <_>
        <depth>0</depth>
        <value>3.0105749013082914e-02</value>
        <splits>
          <_><var>62</var>
            <quality>4.6713713556528091e-02</quality>
            <le>-2.5102670192718506e+00</le></_></splits></_>
      <_>
        <depth>1</depth>
        <value>-2.1182601376667953e-02</value></_>
      <_>
        <depth>1</depth>
        <value>1.9678510590022438e+00</value></_></nodes></_>
  <_>
    <nodes>
      <_>
        <depth>0</depth>
        <value>-1.6190022062411608e-01</value>
        <splits>
          <_><var>62</var>
            <quality>1.7379109561443329e-01</quality>
            <le>-2.7462646961212158e+00</le></_></splits></_>
      <_>
        <depth>1</depth>
        <value>3.9932783935246220e-02</value></_>
      <_>
        <depth>1</depth>
        <value>-1.7457202977449380e+00</value></_></nodes></_>
  <_>
    <nodes>
      <_>
        <depth>0</depth>
        <value>-3.2575551586066834e-03</value>
        <splits>
          <_><var>32</var>
            <quality>4.1690390557050705e-02</quality>
            <le>7.7164502143859863e+00</le></_></splits></_>
      <_>
        <depth>1</depth>
        <value>-8.1079617022969938e-02</value></_>
      <_>
        <depth>1</depth>
        <value>6.2963105181434287e-01</value></_></nodes></_>
  <_>
    <nodes>
      <_>
        <depth>0</depth>
        <value>-4.4291503579704967e-03</value>
        <splits>
          <_><var>23</var>
            <quality>4.0104944258928299e-02</quality>
            <le>-2.6136651039123535e+00</le></_></splits></_>
      <_>
        <depth>1</depth>
        <value>-4.6948413487307709e-02</value></_>
      <_>
        <depth>1</depth>
        <value>2.4003737320634673e+00</value></_></nodes></_>
  <_>
    <nodes>
      <_>
        <depth>0</depth>
        <value>-2.2843670460129828e-01</value>
        <splits>
          <_><var>23</var>
            <quality>2.2653929889202118e-01</quality>
            <le>-3.1582345962524414e+00</le></_></splits></_>
      <_>
        <depth>1</depth>
        <value>2.1750287826063731e-02</value></_>
      <_>
        <depth>1</depth>
        <value>-2.2064730277009308e+00</value></_></nodes></_>
  <_>
    <nodes>
      <_>
        <depth>0</depth>
        <value>-8.6480766006513735e-03</value>
        <splits>
          <_><var>15</var>
            <quality>3.3093221485614777e-02</quality>
            <le>2.0358359813690186e-01</le></_></splits></_>
      <_>
        <depth>1</depth>
        <value>4.2793655515971647e-02</value></_>
      <_>
        <depth>1</depth>
        <value>-8.1262333521866037e-01</value></_></nodes></_>
  <_>
    <nodes>
      <_>
        <depth>0</depth>
        <value>3.6104201177807908e-03</value>
        <splits>
          <_><var>25</var>
            <quality>3.5636909306049347e-02</quality>
            <le>-4.2143055796623230e-01</le></_></splits></_>
      <_>
        <depth>1</depth>
        <value>5.5145653015929434e-02</value></_>
      <_>
        <depth>1</depth>
        <value>-8.9360798380630335e-01</value></_></nodes></_>
  <_>
    <nodes>
      <_>
        <depth>0</depth>
        <value>8.4150937106391068e-03</value>
        <splits>
          <_><var>35</var>
            <quality>2.4231094866991043e-02</quality>
            <le>1.1734754562377930e+01</le></_></splits></_>
      <_>
        <depth>1</depth>
        <value>5.5464076622249114e-02</value></_>
      <_>
        <depth>1</depth>
        <value>-5.8568136463671838e-01</value></_></nodes></_>
  <_>
    <nodes>
      <_>
