<?xml version="1.0"?>
<opencv_storage>
<format>3</format>
<is_classifier>1</is_classifier>
<var_all>81</var_all>
<var_count>80</var_count>
<ord_var_count>80</ord_var_count>
<cat_var_count>1</cat_var_count>
<training_params>
  <boosting_type>RealAdaboost</boosting_type>
  <use_surrogates>0</use_surrogates>
  <max_categories>10</max_categories>
  <regression_accuracy>9.9999997764825821e-03</regression_accuracy>
  <max_depth>1</max_depth>
  <min_sample_count>10</min_sample_count>
  <cross_validation_folds>0</cross_validation_folds>
  <priors type_id="opencv-matrix">
    <rows>2</rows>
    <cols>1</cols>
    <dt>d</dt>
    <data>
      1.4960000000000015e+04 3906.</data></priors>
  <weight_trimming_rate>9.4999999999999996e-01</weight_trimming_rate></training_params>
<global_var_idx>1</global_var_idx>
<var_idx>
  0 1 2 3 4 5 6 7 8 9 10 11 12 13 14 15 16 17 18 19 20 21 22 23 24 25 26
  27 28 29 30 31 32 33 34 35 36 37 38 39 40 41 42 43 44 45 46 47 48 49
  50 51 52 53 54 55 56 57 58 59 60 61 62 63 64 65 66 67 68 69 70 71 72
  73 74 75 76 77 78 79</var_idx>
<var_type>
  0 0 0 0 0 0 0 0 0 0 0 0 0 0 0 0 0 0 0 0 0 0 0 0 0 0 0 0 0 0 0 0 0 0 0
  0 0 0 0 0 0 0 0 0 0 0 0 0 0 0 0 0 0 0 0 0 0 0 0 0 0 0 0 0 0 0 0 0 0 0
  0 0 0 0 0 0 0 0 0 0 1</var_type>
<cat_ofs>
  0 0 0 0 0 0 0 0 0 0 0 0 0 0 0 0 0 0 0 0 0 0 0 0 0 0 0 0 0 0 0 0 0 0 0
  0 0 0 0 0 0 0 0 0 0 0 0 0 0 0 0 0 0 0 0 0 0 0 0 0 0 0 0 0 0 0 0 0 0 0
  0 0 0 0 0 0 0 0 0 0 0 0 0 0 0 0 0 0 0 0 0 0 0 0 0 0 0 0 0 0 0 0 0 0 0
  0 0 0 0 0 0 0 0 0 0 0 0 0 0 0 0 0 0 0 0 0 0 0 0 0 0 0 0 0 0 0 0 0 0 0
  0 0 0 0 0 0 0 0 0 0 0 0 0 0 0 0 0 0 0 0</cat_ofs>
<class_labels>
  -1 1</class_labels>
<missing_subst>
  0. 0. 0. 0. 0. 0. 0. 0. 0. 0. 0. 0. 0. 0. 0. 0. 0. 0. 0. 0. 0. 0. 0.
  0. 0. 0. 0. 0. 0. 0. 0. 0. 0. 0. 0. 0. 0. 0. 0. 0. 0. 0. 0. 0. 0. 0.
  0. 0. 0. 0. 0. 0. 0. 0. 0. 0. 0. 0. 0. 0. 0. 0. 0. 0. 0. 0. 0. 0. 0.
  0. 0. 0. 0. 0. 0. 0. 0. 0. 0. 0. 0.</missing_subst>
<ntrees>200</ntrees>
<trees>
  <_>
    <nodes>
      <_>
        <depth>0</depth>
        <value>-1.3428661400916171e+00</value>
        <splits>
          <_><var>14</var>
            <quality>7.6143896579742432e-01</quality>
            <le>5.8136272430419922e+00</le></_></splits></_>
      <_>
        <depth>1</depth>
        <value>-1.3072712427493483e+00</value></_>
      <_>
        <depth>1</depth>
        <value>-1.5970638132881603e+00</value></_></nodes></_>
  <_>
    <nodes>
      <_>
        <depth>0</depth>
        <value>-4.6054729686602210e-09</value>
        <splits>
          <_><var>25</var>
            <quality>7.8710904344916344e-03</quality>
            <le>2.1085498809814453e+01</le></_></splits></_>
      <_>
        <depth>1</depth>
        <value>1.9317980916592686e-02</value></_>
      <_>
        <depth>1</depth>
        <value>-4.3260913856484551e-01</value></_></nodes></_>
  <_>
    <nodes>
      <_>
        <depth>0</depth>
        <value>2.1191629717818069e-02</value>
        <splits>
          <_><var>25</var>
            <quality>2.0748822018504143e-02</quality>
            <le>2.1085498809814453e+01</le></_></splits></_>
      <_>
        <depth>1</depth>
        <value>6.0629279371103886e-11</value></_>
      <_>
        <depth>1</depth>
        <value>5.7564577324623896e+00</value></_></nodes></_>
  <_>
    <nodes>
      <_>
        <depth>0</depth>
        <value>-1.3395273338115818e+00</value>
        <splits>
          <_><var>25</var>
            <quality>8.7301266193389893e-01</quality>
            <le>2.1085498809814453e+01</le></_></splits></_>
      <_>
        <depth>1</depth>
        <value>6.3613242807269224e-02</value></_>
      <_>
        <depth>1</depth>
        <value>-5.7564577324601141e+00</value></_></nodes></_>
  <_>
    <nodes>
      <_>
        <depth>0</depth>
        <value>-4.1060681581120355e-02</value>
        <splits>
          <_><var>25</var>
            <quality>2.4577250704169273e-02</quality>
            <le>2.1085498809814453e+01</le></_></splits></_>
      <_>
        <depth>1</depth>
        <value>-6.3613243400843858e-02</value></_>
      <_>
        <depth>1</depth>
        <value>5.7564577324623896e+00</value></_></nodes></_>
  <_>
    <nodes>
      <_>
        <depth>0</depth>
        <value>-1.3395273338115505e+00</value>
        <splits>
          <_><var>25</var>
            <quality>8.7301266193389893e-01</quality>
            <le>2.1085498809814453e+01</le></_></splits></_>
      <_>
        <depth>1</depth>
        <value>6.3613242807626827e-02</value></_>
      <_>
        <depth>1</depth>
        <value>-5.7564577324601141e+00</value></_></nodes></_>
  <_>
    <nodes>
      <_>
        <depth>0</depth>
        <value>-4.1060681581124331e-02</value>
        <splits>
          <_><var>25</var>
            <quality>2.4577250704169273e-02</quality>
            <le>2.1085498809814453e+01</le></_></splits></_>
      <_>
        <depth>1</depth>
        <value>-6.3613243400844996e-02</value></_>
      <_>
        <depth>1</depth>
        <value>5.7564577324623896e+00</value></_></nodes></_>
  <_>
    <nodes>
      <_>
        <depth>0</depth>
        <value>-1.3395273338115508e+00</value>
        <splits>
          <_><var>25</var>
            <quality>8.7301266193389893e-01</quality>
            <le>2.1085498809814453e+01</le></_></splits></_>
      <_>
        <depth>1</depth>
        <value>6.3613242807626827e-02</value></_>
      <_>
        <depth>1</depth>
        <value>-5.7564577324601141e+00</value></_></nodes></_>
  <_>
    <nodes>
      <_>
        <depth>0</depth>
        <value>-4.1060681581124275e-02</value>
        <splits>
          <_><var>25</var>
            <quality>2.4577250704169273e-02</quality>
            <le>2.1085498809814453e+01</le></_></splits></_>
      <_>
        <depth>1</depth>
        <value>-6.3613243400844996e-02</value></_>
      <_>
        <depth>1</depth>
        <value>5.7564577324623896e+00</value></_></nodes></_>
  <_>
    <nodes>
      <_>
        <depth>0</depth>
        <value>-1.3395273338115439e+00</value>
        <splits>
          <_><var>25</var>
            <quality>8.7301266193389893e-01</quality>
            <le>2.1085498809814453e+01</le></_></splits></_>
      <_>
        <depth>1</depth>
        <value>6.3613242807620374e-02</value></_>
      <_>
        <depth>1</depth>
        <value>-5.7564577324601141e+00</value></_></nodes></_>
  <_>
    <nodes>
      <_>
        <depth>0</depth>
        <value>-4.1060681581123006e-02</value>
        <splits>
          <_><var>25</var>
            <quality>2.4577250704169273e-02</quality>
            <le>2.1085498809814453e+01</le></_></splits></_>
      <_>
        <depth>1</depth>
        <value>-6.3613243400843233e-02</value></_>
      <_>
        <depth>1</depth>
        <value>5.7564577324623896e+00</value></_></nodes></_>
  <_>
    <nodes>
      <_>
        <depth>0</depth>
        <value>-1.3395273338115508e+00</value>
        <splits>
          <_><var>25</var>
            <quality>8.7301266193389893e-01</quality>
            <le>2.1085498809814453e+01</le></_></splits></_>
      <_>
        <depth>1</depth>
        <value>6.3613242807626827e-02</value></_>
      <_>
        <depth>1</depth>
        <value>-5.7564577324601141e+00</value></_></nodes></_>
  <_>
    <nodes>
      <_>
        <depth>0</depth>
        <value>-4.1060681581124275e-02</value>
        <splits>
          <_><var>25</var>
            <quality>2.4577250704169273e-02</quality>
            <le>2.1085498809814453e+01</le></_></splits></_>
      <_>
        <depth>1</depth>
        <value>-6.3613243400844996e-02</value></_>
      <_>
        <depth>1</depth>
        <value>5.7564577324623896e+00</value></_></nodes></_>
  <_>
    <nodes>
      <_>
        <depth>0</depth>
