<?xml version="1.0"?>
<opencv_storage>
<format>3</format>
<is_classifier>1</is_classifier>
<var_all>101</var_all>
<var_count>100</var_count>
<ord_var_count>100</ord_var_count>
<cat_var_count>1</cat_var_count>
<training_params>
  <boosting_type>RealAdaboost</boosting_type>
  <use_surrogates>0</use_surrogates>
  <max_categories>10</max_categories>
  <regression_accuracy>9.9999997764825821e-03</regression_accuracy>
  <max_depth>1</max_depth>
  <min_sample_count>10</min_sample_count>
  <cross_validation_folds>0</cross_validation_folds>
  <priors type_id="opencv-matrix">
    <rows>2</rows>
    <cols>1</cols>
    <dt>d</dt>
    <data>
      1.4960000000000025e+04 3906.</data></priors>
  <weight_trimming_rate>9.4999999999999996e-01</weight_trimming_rate></training_params>
<global_var_idx>1</global_var_idx>
<var_idx>
  0 1 2 3 4 5 6 7 8 9 10 11 12 13 14 15 16 17 18 19 20 21 22 23 24 25 26
  27 28 29 30 31 32 33 34 35 36 37 38 39 40 41 42 43 44 45 46 47 48 49
  50 51 52 53 54 55 56 57 58 59 60 61 62 63 64 65 66 67 68 69 70 71 72
  73 74 75 76 77 78 79 80 81 82 83 84 85 86 87 88 89 90 91 92 93 94 95
  96 97 98 99</var_idx>
<var_type>
  0 0 0 0 0 0 0 0 0 0 0 0 0 0 0 0 0 0 0 0 0 0 0 0 0 0 0 0 0 0 0 0 0 0 0
  0 0 0 0 0 0 0 0 0 0 0 0 0 0 0 0 0 0 0 0 0 0 0 0 0 0 0 0 0 0 0 0 0 0 0
  0 0 0 0 0 0 0 0 0 0 0 0 0 0 0 0 0 0 0 0 0 0 0 0 0 0 0 0 0 0 1</var_type>
<cat_ofs>
  0 0 0 0 0 0 0 0 0 0 0 0 0 0 0 0 0 0 0 0 0 0 0 0 0 0 0 0 0 0 0 0 0 0 0
  0 0 0 0 0 0 0 0 0 0 0 0 0 0 0 0 0 0 0 0 0 0 0 0 0 0 0 0 0 0 0 0 0 0 0
  0 0 0 0 0 0 0 0 0 0 0 0 0 0 0 0 0 0 0 0 0 0 0 0 0 0 0 0 0 0 0 0 0 0 0
  0 0 0 0 0 0 0 0 0 0 0 0 0 0 0 0 0 0 0 0 0 0 0 0 0 0 0 0 0 0 0 0 0 0 0
  0 0 0 0 0 0 0 0 0 0 0 0 0 0 0 0 0 0 0 0 0 0 0 0 0 0 0 0 0 0 0 0 0 0 0
  0 0 0 0 0 0 0 0 0 0 0 0 0 0 0 0 0 0 0 0 0 0 0 0 0</cat_ofs>
<class_labels>
  -1 1</class_labels>
<missing_subst>
  0. 0. 0. 0. 0. 0. 0. 0. 0. 0. 0. 0. 0. 0. 0. 0. 0. 0. 0. 0. 0. 0. 0.
  0. 0. 0. 0. 0. 0. 0. 0. 0. 0. 0. 0. 0. 0. 0. 0. 0. 0. 0. 0. 0. 0. 0.
  0. 0. 0. 0. 0. 0. 0. 0. 0. 0. 0. 0. 0. 0. 0. 0. 0. 0. 0. 0. 0. 0. 0.
  0. 0. 0. 0. 0. 0. 0. 0. 0. 0. 0. 0. 0. 0. 0. 0. 0. 0. 0. 0. 0. 0. 0.
  0. 0. 0. 0. 0. 0. 0. 0. 0.</missing_subst>
<ntrees>200</ntrees>
<trees>
  <_>
    <nodes>
      <_>
        <depth>0</depth>
        <value>-1.3428661400916171e+00</value>
        <splits>
          <_><var>64</var>
            <quality>7.7398252487182617e-01</quality>
            <le>3.8228500366210938e+01</le></_></splits></_>
      <_>
        <depth>1</depth>
        <value>-1.4606109714946296e+00</value></_>
      <_>
        <depth>1</depth>
        <value>-3.7904933546360831e-01</value></_></nodes></_>
  <_>
    <nodes>
      <_>
        <depth>0</depth>
        <value>1.2471415855481096e-08</value>
        <splits>
          <_><var>45</var>
            <quality>1.0524354875087738e-01</quality>
            <le>-8.5734329223632813e+00</le></_></splits></_>
      <_>
        <depth>1</depth>
        <value>1.7973917015555529e-01</value></_>
      <_>
        <depth>1</depth>
        <value>-6.8047301063951871e-01</value></_></nodes></_>
  <_>
    <nodes>
      <_>
        <depth>0</depth>
        <value>-1.9272561916867201e-09</value>
        <splits>
          <_><var>69</var>
            <quality>6.6990770399570465e-02</quality>
            <le>-9.6509313583374023e+00</le></_></splits></_>
      <_>
        <depth>1</depth>
        <value>1.4598766510340180e-01</value></_>
      <_>
        <depth>1</depth>
        <value>-5.0002266981573074e-01</value></_></nodes></_>
  <_>
    <nodes>
      <_>
        <depth>0</depth>
        <value>3.3429796773788198e-02</value>
        <splits>
          <_><var>2</var>
            <quality>4.8223663121461868e-02</quality>
            <le>3.6199523925781250e+01</le></_></splits></_>
      <_>
        <depth>1</depth>
        <value>-5.3785617460172234e-02</value></_>
      <_>
        <depth>1</depth>
        <value>6.8139917463552802e-01</value></_></nodes></_>
  <_>
    <nodes>
      <_>
        <depth>0</depth>
        <value>-7.7650744003818022e-04</value>
        <splits>
          <_><var>44</var>
            <quality>3.0340619385242462e-02</quality>
            <le>3.6569328308105469e+01</le></_></splits></_>
      <_>
        <depth>1</depth>
        <value>-6.8759922797527656e-02</value></_>
      <_>
        <depth>1</depth>
        <value>4.9806981391844712e-01</value></_></nodes></_>
  <_>
    <nodes>
      <_>
        <depth>0</depth>
        <value>-8.1396668928657254e-04</value>
        <splits>
          <_><var>90</var>
            <quality>2.4120945483446121e-02</quality>
            <le>4.1100547790527344e+01</le></_></splits></_>
      <_>
        <depth>1</depth>
        <value>-5.3680013860722436e-02</value></_>
      <_>
        <depth>1</depth>
        <value>5.1051630219360022e-01</value></_></nodes></_>
  <_>
    <nodes>
      <_>
        <depth>0</depth>
        <value>-1.1123237391529365e-03</value>
        <splits>
          <_><var>71</var>
            <quality>2.2869471460580826e-02</quality>
            <le>6.0237564086914063e+01</le></_></splits></_>
      <_>
        <depth>1</depth>
        <value>-5.0603225243106870e-02</value></_>
      <_>
        <depth>1</depth>
        <value>5.1828268536084110e-01</value></_></nodes></_>
  <_>
    <nodes>
      <_>
        <depth>0</depth>
        <value>-3.6359383354302068e-04</value>
        <splits>
          <_><var>45</var>
            <quality>2.2559849545359612e-02</quality>
            <le>2.9153718948364258e+00</le></_></splits></_>
      <_>
        <depth>1</depth>
        <value>-6.3935227412023968e-02</value></_>
      <_>
        <depth>1</depth>
        <value>3.8411243045842530e-01</value></_></nodes></_>
  <_>
    <nodes>
      <_>
        <depth>0</depth>
        <value>1.9232954792803361e-03</value>
        <splits>
          <_><var>77</var>
            <quality>2.3609712719917297e-02</quality>
            <le>-5.3170413970947266e+00</le></_></splits></_>
      <_>
        <depth>1</depth>
        <value>7.2431635490123755e-02</value></_>
      <_>
        <depth>1</depth>
        <value>-3.6462602437373481e-01</value></_></nodes></_>
  <_>
    <nodes>
      <_>
        <depth>0</depth>
        <value>6.1992484533125768e-03</value>
        <splits>
          <_><var>48</var>
            <quality>1.7654007300734520e-02</quality>
            <le>5.1033874511718750e+01</le></_></splits></_>
      <_>
        <depth>1</depth>
        <value>-3.6756341169317717e-02</value></_>
      <_>
        <depth>1</depth>
        <value>4.6823732282404151e-01</value></_></nodes></_>
  <_>
    <nodes>
      <_>
        <depth>0</depth>
        <value>1.1014348174721038e-03</value>
        <splits>
          <_><var>3</var>
            <quality>1.5690207481384277e-02</quality>
            <le>-4.7910614013671875e+00</le></_></splits></_>
      <_>
        <depth>1</depth>
        <value>5.2262866063976003e-02</value></_>
      <_>
        <depth>1</depth>
        <value>-3.3353944483846026e-01</value></_></nodes></_>
  <_>
    <nodes>
      <_>
        <depth>0</depth>
        <value>-8.4416870947101586e-04</value>
        <splits>
          <_><var>61</var>
            <quality>1.4940500259399414e-02</quality>
            <le>-5.5249919891357422e+00</le></_></splits></_>
      <_>
        <depth>1</depth>
        <value>6.7190740654832992e-02</value></_>
      <_>
        <depth>1</depth>
        <value>-2.3575126111840572e-01</value></_></nodes></_>
  <_>
    <nodes>
      <_>
        <depth>0</depth>
        <value>-3.9509988466143288e-03</value>
        <splits>
          <_><var>64</var>
            <quality>1.4258769340813160e-02</quality>
