<?xml version="1.0"?>
<opencv_storage>
<centroids>
  <_>
    3.16409473e+01 5.94958534e+01 3.60963583e+00 6.01758950e+06
    1.79865494e+02 -1.</_>
  <_>
    3.16589718e+01 5.99284744e+01 3.89393020e+00 12424877.
    1.79606506e+02 -9.99999940e-01</_>
  <_>
    3.16465054e+01 5.96272049e+01 3.69619894e+00 7607823. 1.79868118e+02
    -1.</_>
  <_>
    3.16248302e+01 5.97035179e+01 3.36302781e+00 1.04636350e+06
    1.80223663e+02 -9.99999940e-01</_>
  <_>
    3.16419182e+01 6.02877502e+01 3.92269468e+00 15714484.
    1.80273865e+02 -1.</_>
  <_>
    3.16507092e+01 5.97023773e+01 3.44382215e+00 2.80947850e+06
    1.79698441e+02 -1.</_>
  <_>
    3.16686745e+01 5.97662964e+01 3.77745771e+00 9255090. 1.79576859e+02
    -1.</_>
  <_>
    3.16254959e+01 5.97864914e+01 3.84544301e+00 10851236.
    1.79430801e+02 -9.99999940e-01</_>
  <_>
    3.16201801e+01 5.99793854e+01 3.91786575e+00 14022109.
    1.79618774e+02 -1.</_>
  <_>
    3.16251984e+01 5.95093575e+01 3.52540588e+00 4431927. 1.80416687e+02
    -1.</_></centroids>
</opencv_storage>
