<?xml version="1.0"?>
<opencv_storage>
<centroids>
  <_>
    4.22540436e+01 5.49422026e+00</_>
  <_>
    4.56609459e+01 1.10647148e+02</_>
  <_>
    2.69724560e+01 5.35119934e+01</_>
  <_>
    1.46698713e+01 9.35611115e+01</_>
  <_>
    4.30057640e+01 7.27564468e+01</_>
  <_>
    4.76024914e+00 2.80346889e+01</_>
  <_>
    3.06873989e+01 2.05832539e+01</_>
  <_>
    5.77466583e+01 1.47829447e+01</_>
  <_>
    4.12215958e+01 4.33173981e+01</_>
  <_>
    3.59839478e+01 9.40744019e+01</_>
  <_>
    1.73066883e+01 5.95687675e+01</_>
  <_>
    5.80541086e+00 1.21483162e+02</_>
  <_>
    5.73711891e+01 9.69770813e+01</_>
  <_>
    4.45151329e+00 1.71363297e+01</_>
  <_>
    5.82476082e+01 3.33905334e+01</_>
  <_>
    1.41954336e+01 8.16863480e+01</_>
  <_>
    4.92355156e+01 4.87524643e+01</_>
  <_>
    1.42139864e+01 4.04517670e+01</_>
  <_>
    5.81101608e+01 1.19930611e+02</_>
  <_>
    3.33518143e+01 7.24495544e+01</_>
  <_>
    3.50551682e+01 1.06802025e+02</_>
  <_>
    1.26770105e+01 1.25484114e+01</_>
  <_>
    3.20182114e+01 3.04273281e+01</_>
  <_>
    2.84479446e+01 1.17545261e+01</_>
  <_>
    1.44012308e+01 3.12785263e+01</_>
  <_>
    1.49529057e+01 1.05401016e+02</_>
  <_>
    1.39626465e+01 5.08670235e+01</_>
  <_>
    4.81292267e+01 1.68348122e+01</_>
  <_>
    3.19122791e+01 4.28760490e+01</_>
  <_>
    2.20711517e+01 4.59941406e+01</_>
  <_>
    5.81063194e+01 5.45050011e+01</_>
  <_>
    4.07282562e+01 6.32751465e+01</_>
  <_>
    5.87353249e+01 7.48067780e+01</_>
  <_>
    2.83513336e+01 1.20633865e+02</_>
  <_>
    4.59498596e+01 1.00296600e+02</_>
  <_>
    2.31030979e+01 7.75570984e+01</_>
  <_>
    4.33299398e+00 6.06532192e+00</_>
  <_>
    4.08812904e+01 8.29523697e+01</_>
  <_>
    3.83094788e+01 1.35599871e+01</_>
  <_>
    2.53008709e+01 9.96691360e+01</_>
  <_>
    5.87236023e+01 5.39720488e+00</_>
  <_>
    1.40613813e+01 7.00091171e+01</_>
  <_>
    5.30044889e+00 9.98521729e+01</_>
  <_>
    4.97142172e+00 3.84335670e+01</_>
  <_>
    4.88269854e+00 4.81416130e+01</_>
  <_>
    4.05556221e+01 3.38004608e+01</_>
  <_>
    4.99178543e+01 3.82123566e+01</_>
  <_>
    2.39856358e+01 8.90209274e+01</_>
  <_>
    1.65993862e+01 1.19959038e+02</_>
  <_>
    4.01477661e+01 2.32716770e+01</_>
  <_>
    5.09482098e+00 7.67909622e+01</_>
  <_>
    5.69128647e+01 1.08040009e+02</_>
  <_>
    5.78637466e+01 2.38813553e+01</_>
  <_>
    2.40987167e+01 3.61377678e+01</_>
  <_>
    3.83724518e+01 1.20175369e+02</_>
  <_>
    5.12222433e+00 8.82731094e+01</_>
  <_>
    4.76586494e+01 9.00872192e+01</_>
  <_>
    2.35414810e+01 6.72584076e+01</_>
  <_>
    2.07285328e+01 1.61279144e+01</_>
  <_>
    2.21803989e+01 5.18287277e+00</_>
  <_>
    5.08817825e+01 6.81195679e+01</_>
  <_>
    3.27900047e+01 4.77297688e+00</_>
  <_>
    3.18825550e+01 8.30531540e+01</_>
  <_>
    5.14168310e+00 6.65189438e+01</_>
  <_>
    1.30016785e+01 4.50195789e+00</_>
  <_>
    5.04987297e+01 6.10212421e+00</_>
  <_>
    4.88231812e+01 5.82204971e+01</_>
  <_>
    5.78761063e+01 8.59893188e+01</_>
  <_>
    5.92927742e+00 5.78046875e+01</_>
  <_>
    5.84190607e+00 1.11104500e+02</_>
  <_>
    5.83225594e+01 4.40221977e+01</_>
  <_>
    3.82569199e+01 5.28440590e+01</_>
  <_>
    4.89212151e+01 2.76714993e+01</_>
  <_>
    4.86147461e+01 1.20913315e+02</_>
  <_>
    1.29703665e+01 2.23192272e+01</_>
  <_>
    2.25931263e+01 2.58917713e+01</_>
  <_>
    5.03360558e+01 7.90618439e+01</_>
  <_>
    3.12308426e+01 6.17051735e+01</_>
  <_>
    5.85267334e+01 6.41673279e+01</_>
  <_>
    2.43435898e+01 1.10897202e+02</_></centroids>
</opencv_storage>
