<?xml version="1.0"?>
<opencv_storage>
<centroids>
  <_>
    3.16355572e+01 5.94198723e+01 3.29634166e+00 1.01051094e+06
    1.80567719e+02 -1.</_>
  <_>
    3.16542549e+01 5.96835442e+01 3.81132197e+00 11961423.
    1.79783752e+02 -1.</_>
  <_>
    3.16175137e+01 5.92688370e+01 3.44752717e+00 4200941. 1.80663544e+02
    -1.</_>
  <_>
    3.16234207e+01 6.02366180e+01 3.87725806e+00 15601423.
    1.80521011e+02 -1.</_>
  <_>
    3.16655884e+01 5.95587234e+01 3.67438602e+00 8692710. 1.80116913e+02
    -1.</_>
  <_>
    3.16460762e+01 5.98921623e+01 3.86509800e+00 13716944.
    1.80167801e+02 -1.</_>
  <_>
    3.16601162e+01 5.95657005e+01 3.36336231e+00 2.67447975e+06
    1.80018372e+02 -1.</_>
  <_>
    3.16577473e+01 5.92891159e+01 3.52405000e+00 5.67078050e+06
    1.80365982e+02 -1.</_>
  <_>
    3.16374149e+01 5.93935738e+01 3.60043263e+00 7.14867650e+06
    1.80487549e+02 -1.</_>
  <_>
    3.16545830e+01 5.97335510e+01 3.76104784e+00 10295177.
    1.79792206e+02 -9.99999940e-01</_></centroids>
</opencv_storage>
