<?xml version="1.0"?>
<opencv_storage>
<format>3</format>
<is_classifier>1</is_classifier>
<var_all>81</var_all>
<var_count>80</var_count>
<ord_var_count>80</ord_var_count>
<cat_var_count>1</cat_var_count>
<training_params>
  <boosting_type>RealAdaboost</boosting_type>
  <use_surrogates>0</use_surrogates>
  <max_categories>10</max_categories>
  <regression_accuracy>9.9999997764825821e-03</regression_accuracy>
  <max_depth>1</max_depth>
  <min_sample_count>10</min_sample_count>
  <cross_validation_folds>0</cross_validation_folds>
  <priors type_id="opencv-matrix">
    <rows>2</rows>
    <cols>1</cols>
    <dt>d</dt>
    <data>
      1.4960000000003918e+04 3906.</data></priors>
  <weight_trimming_rate>9.4999999999999996e-01</weight_trimming_rate></training_params>
<global_var_idx>1</global_var_idx>
<var_idx>
  0 1 2 3 4 5 6 7 8 9 10 11 12 13 14 15 16 17 18 19 20 21 22 23 24 25 26
  27 28 29 30 31 32 33 34 35 36 37 38 39 40 41 42 43 44 45 46 47 48 49
  50 51 52 53 54 55 56 57 58 59 60 61 62 63 64 65 66 67 68 69 70 71 72
  73 74 75 76 77 78 79</var_idx>
<var_type>
  0 0 0 0 0 0 0 0 0 0 0 0 0 0 0 0 0 0 0 0 0 0 0 0 0 0 0 0 0 0 0 0 0 0 0
  0 0 0 0 0 0 0 0 0 0 0 0 0 0 0 0 0 0 0 0 0 0 0 0 0 0 0 0 0 0 0 0 0 0 0
  0 0 0 0 0 0 0 0 0 0 1</var_type>
<cat_ofs>
  0 0 0 0 0 0 0 0 0 0 0 0 0 0 0 0 0 0 0 0 0 0 0 0 0 0 0 0 0 0 0 0 0 0 0
  0 0 0 0 0 0 0 0 0 0 0 0 0 0 0 0 0 0 0 0 0 0 0 0 0 0 0 0 0 0 0 0 0 0 0
  0 0 0 0 0 0 0 0 0 0 0 0 0 0 0 0 0 0 0 0 0 0 0 0 0 0 0 0 0 0 0 0 0 0 0
  0 0 0 0 0 0 0 0 0 0 0 0 0 0 0 0 0 0 0 0 0 0 0 0 0 0 0 0 0 0 0 0 0 0 0
  0 0 0 0 0 0 0 0 0 0 0 0 0 0 0 0 0 0 0 0</cat_ofs>
<class_labels>
  -1 1</class_labels>
<missing_subst>
  0. 0. 0. 0. 0. 0. 0. 0. 0. 0. 0. 0. 0. 0. 0. 0. 0. 0. 0. 0. 0. 0. 0.
  0. 0. 0. 0. 0. 0. 0. 0. 0. 0. 0. 0. 0. 0. 0. 0. 0. 0. 0. 0. 0. 0. 0.
  0. 0. 0. 0. 0. 0. 0. 0. 0. 0. 0. 0. 0. 0. 0. 0. 0. 0. 0. 0. 0. 0. 0.
  0. 0. 0. 0. 0. 0. 0. 0. 0. 0. 0. 0.</missing_subst>
<ntrees>200</ntrees>
<trees>
  <_>
    <nodes>
      <_>
        <depth>0</depth>
        <value>-1.3428661400916171e+00</value>
        <splits>
          <_><var>6</var>
            <quality>7.6227736473083496e-01</quality>
            <le>-1.5455837249755859e+00</le></_></splits></_>
      <_>
        <depth>1</depth>
        <value>-1.4390980401858002e+00</value></_>
      <_>
        <depth>1</depth>
        <value>-1.1342296323141987e+00</value></_></nodes></_>
  <_>
    <nodes>
      <_>
        <depth>0</depth>
        <value>-1.8474062288173586e-08</value>
        <splits>
          <_><var>19</var>
            <quality>2.2999929264187813e-02</quality>
            <le>-5.5597229003906250e+00</le></_></splits></_>
      <_>
        <depth>1</depth>
        <value>1.0311515692279397e-01</value></_>
      <_>
        <depth>1</depth>
        <value>-2.2769593858880277e-01</value></_></nodes></_>
  <_>
    <nodes>
      <_>
        <depth>0</depth>
        <value>1.4693994888128882e-09</value>
        <splits>
          <_><var>0</var>
            <quality>1.2058298103511333e-02</quality>
            <le>-1.1972723960876465e+01</le></_></splits></_>
      <_>
        <depth>1</depth>
        <value>9.5781401968315083e-02</value></_>
      <_>
        <depth>1</depth>
        <value>-1.2695641858622719e-01</value></_></nodes></_>
  <_>
    <nodes>
      <_>
        <depth>0</depth>
        <value>4.8180970301337650e-10</value>
        <splits>
          <_><var>56</var>
            <quality>1.4487058855593204e-02</quality>
            <le>-5.8755540847778320e+00</le></_></splits></_>
      <_>
        <depth>1</depth>
        <value>-9.1606931461266514e-02</value></_>
      <_>
        <depth>1</depth>
        <value>1.5993570208762772e-01</value></_></nodes></_>
  <_>
    <nodes>
      <_>
        <depth>0</depth>
        <value>3.5346290735435229e-02</value>
        <splits>
          <_><var>53</var>
            <quality>1.1041854508221149e-02</quality>
            <le>8.3958072662353516e+00</le></_></splits></_>
      <_>
        <depth>1</depth>
        <value>-2.5968984085063516e-02</value></_>
      <_>
        <depth>1</depth>
        <value>2.0426854194052749e-01</value></_></nodes></_>
  <_>
    <nodes>
      <_>
        <depth>0</depth>
        <value>7.8839994137247047e-03</value>
        <splits>
          <_><var>3</var>
            <quality>8.6808670312166214e-03</quality>
            <le>-8.8267936706542969e+00</le></_></splits></_>
      <_>
        <depth>1</depth>
        <value>9.6324012210851406e-02</value></_>
      <_>
        <depth>1</depth>
        <value>-9.4696602783486697e-02</value></_></nodes></_>
  <_>
    <nodes>
      <_>
        <depth>0</depth>
        <value>3.8600840739654537e-03</value>
        <splits>
          <_><var>19</var>
            <quality>7.4132201261818409e-03</quality>
            <le>-6.1225624084472656e+00</le></_></splits></_>
      <_>
        <depth>1</depth>
        <value>-5.0769351358811221e-02</value></_>
      <_>
        <depth>1</depth>
        <value>1.4724944473865384e-01</value></_></nodes></_>
  <_>
    <nodes>
      <_>
        <depth>0</depth>
        <value>-1.5168695000694794e-02</value>
        <splits>
          <_><var>36</var>
            <quality>1.0132385417819023e-02</quality>
            <le>-1.8234333992004395e+00</le></_></splits></_>
      <_>
        <depth>1</depth>
        <value>4.6260180459686259e-02</value></_>
      <_>
        <depth>1</depth>
        <value>-1.8551780045108285e-01</value></_></nodes></_>
  <_>
    <nodes>
      <_>
        <depth>0</depth>
        <value>1.1798517244287030e-02</value>
        <splits>
          <_><var>22</var>
            <quality>5.7636764831840992e-03</quality>
            <le>-6.6274347305297852e+00</le></_></splits></_>
      <_>
        <depth>1</depth>
        <value>-5.0229600794176765e-02</value></_>
      <_>
        <depth>1</depth>
        <value>1.0780506368421959e-01</value></_></nodes></_>
  <_>
    <nodes>
      <_>
        <depth>0</depth>
        <value>3.0880838028194958e-04</value>
        <splits>
          <_><var>17</var>
            <quality>5.7544037699699402e-03</quality>
            <le>1.9039150238037109e+01</le></_></splits></_>
      <_>
        <depth>1</depth>
        <value>-2.5028337703977797e-02</value></_>
      <_>
        <depth>1</depth>
        <value>2.4409212392845195e-01</value></_></nodes></_>
  <_>
    <nodes>
      <_>
        <depth>0</depth>
        <value>-3.2816528925036473e-03</value>
        <splits>
          <_><var>52</var>
            <quality>4.4673928059637547e-03</quality>
            <le>1.5241329193115234e+01</le></_></splits></_>
      <_>
        <depth>1</depth>
        <value>-3.1358718514196832e-02</value></_>
      <_>
        <depth>1</depth>
        <value>1.6477388974424853e-01</value></_></nodes></_>
  <_>
    <nodes>
      <_>
        <depth>0</depth>
        <value>2.3158387093461020e-03</value>
        <splits>
          <_><var>0</var>
            <quality>3.9043994620442390e-03</quality>
            <le>8.0089778900146484e+00</le></_></splits></_>
      <_>
        <depth>1</depth>
        <value>-2.8607279177236437e-02</value></_>
      <_>
        <depth>1</depth>
        <value>1.3578178989243342e-01</value></_></nodes></_>
  <_>
    <nodes>
      <_>
        <depth>0</depth>
        <value>-7.9946380041822154e-04</value>
        <splits>
          <_><var>18</var>
            <quality>4.7367392107844353e-03</quality>
            <le>-9.4487524032592773e+00</le></_></splits></_>
      <_>
        <depth>1</depth>
        <value>5.8958761037708834e-02</value></_>
      <_>
        <depth>1</depth>
        <value>-8.4464593328615403e-02</value></_></nodes></_>
  <_>
    <nodes>
      <_>
        <depth>0</depth>
