<?xml version="1.0"?>
<opencv_storage>
<format>3</format>
<is_classifier>1</is_classifier>
<var_all>81</var_all>
<var_count>80</var_count>
<ord_var_count>80</ord_var_count>
<cat_var_count>1</cat_var_count>
<training_params>
  <boosting_type>RealAdaboost</boosting_type>
  <use_surrogates>0</use_surrogates>
  <max_categories>10</max_categories>
  <regression_accuracy>9.9999997764825821e-03</regression_accuracy>
  <max_depth>1</max_depth>
  <min_sample_count>10</min_sample_count>
  <cross_validation_folds>0</cross_validation_folds>
  <priors type_id="opencv-matrix">
    <rows>2</rows>
    <cols>1</cols>
    <dt>d</dt>
    <data>
      14960. 3906.</data></priors>
  <weight_trimming_rate>9.4999999999999996e-01</weight_trimming_rate></training_params>
<global_var_idx>1</global_var_idx>
<var_idx>
  0 1 2 3 4 5 6 7 8 9 10 11 12 13 14 15 16 17 18 19 20 21 22 23 24 25 26
  27 28 29 30 31 32 33 34 35 36 37 38 39 40 41 42 43 44 45 46 47 48 49
  50 51 52 53 54 55 56 57 58 59 60 61 62 63 64 65 66 67 68 69 70 71 72
  73 74 75 76 77 78 79</var_idx>
<var_type>
  0 0 0 0 0 0 0 0 0 0 0 0 0 0 0 0 0 0 0 0 0 0 0 0 0 0 0 0 0 0 0 0 0 0 0
  0 0 0 0 0 0 0 0 0 0 0 0 0 0 0 0 0 0 0 0 0 0 0 0 0 0 0 0 0 0 0 0 0 0 0
  0 0 0 0 0 0 0 0 0 0 1</var_type>
<cat_ofs>
  0 0 0 0 0 0 0 0 0 0 0 0 0 0 0 0 0 0 0 0 0 0 0 0 0 0 0 0 0 0 0 0 0 0 0
  0 0 0 0 0 0 0 0 0 0 0 0 0 0 0 0 0 0 0 0 0 0 0 0 0 0 0 0 0 0 0 0 0 0 0
  0 0 0 0 0 0 0 0 0 0 0 0 0 0 0 0 0 0 0 0 0 0 0 0 0 0 0 0 0 0 0 0 0 0 0
  0 0 0 0 0 0 0 0 0 0 0 0 0 0 0 0 0 0 0 0 0 0 0 0 0 0 0 0 0 0 0 0 0 0 0
  0 0 0 0 0 0 0 0 0 0 0 0 0 0 0 0 0 0 0 0</cat_ofs>
<class_labels>
  -1 1</class_labels>
<missing_subst>
  0. 0. 0. 0. 0. 0. 0. 0. 0. 0. 0. 0. 0. 0. 0. 0. 0. 0. 0. 0. 0. 0. 0.
  0. 0. 0. 0. 0. 0. 0. 0. 0. 0. 0. 0. 0. 0. 0. 0. 0. 0. 0. 0. 0. 0. 0.
  0. 0. 0. 0. 0. 0. 0. 0. 0. 0. 0. 0. 0. 0. 0. 0. 0. 0. 0. 0. 0. 0. 0.
  0. 0. 0. 0. 0. 0. 0. 0. 0. 0. 0. 0.</missing_subst>
<ntrees>200</ntrees>
<trees>
  <_>
    <nodes>
      <_>
        <depth>0</depth>
        <value>-1.3428661400916171e+00</value>
        <splits>
          <_><var>54</var>
            <quality>7.6274454593658447e-01</quality>
            <le>-2.2718275070190430e+01</le></_></splits></_>
      <_>
        <depth>1</depth>
        <value>-1.5909734665395090e+00</value></_>
      <_>
        <depth>1</depth>
        <value>-1.2083360270052759e+00</value></_></nodes></_>
  <_>
    <nodes>
      <_>
        <depth>0</depth>
        <value>-9.9048417671786852e-09</value>
        <splits>
          <_><var>52</var>
            <quality>2.3419961333274841e-02</quality>
            <le>-5.8777336120605469e+01</le></_></splits></_>
      <_>
        <depth>1</depth>
        <value>1.8277733170464616e-01</value></_>
      <_>
        <depth>1</depth>
        <value>-1.3028982121437460e-01</value></_></nodes></_>
  <_>
    <nodes>
      <_>
        <depth>0</depth>
        <value>1.5287842079990169e-09</value>
        <splits>
          <_><var>7</var>
            <quality>2.1243562921881676e-02</quality>
            <le>-2.6496204376220703e+01</le></_></splits></_>
      <_>
        <depth>1</depth>
        <value>-2.0534956710004490e-01</value></_>
      <_>
        <depth>1</depth>
        <value>1.0528812288051788e-01</value></_></nodes></_>
  <_>
    <nodes>
      <_>
        <depth>0</depth>
        <value>4.4817952703717696e-02</value>
        <splits>
          <_><var>1</var>
            <quality>2.2842237725853920e-02</quality>
            <le>-3.9424575805664063e+01</le></_></splits></_>
      <_>
        <depth>1</depth>
        <value>2.4879394955105769e-01</value></_>
      <_>
        <depth>1</depth>
        <value>-6.5151806068985033e-02</value></_></nodes></_>
  <_>
    <nodes>
      <_>
        <depth>0</depth>
        <value>-2.7946933934502757e-02</value>
        <splits>
          <_><var>25</var>
            <quality>1.9104672595858574e-02</quality>
            <le>-2.0162609100341797e+01</le></_></splits></_>
      <_>
        <depth>1</depth>
        <value>-1.8972050772649238e-01</value></_>
      <_>
        <depth>1</depth>
        <value>8.9657768838000348e-02</value></_></nodes></_>
  <_>
    <nodes>
      <_>
        <depth>0</depth>
        <value>2.8265724097147393e-02</value>
        <splits>
          <_><var>76</var>
            <quality>9.9152289330959320e-03</quality>
            <le>-1.0237215042114258e+01</le></_></splits></_>
      <_>
        <depth>1</depth>
        <value>-8.6847286966151974e-02</value></_>
      <_>
        <depth>1</depth>
        <value>1.1238279760722836e-01</value></_></nodes></_>
  <_>
    <nodes>
      <_>
        <depth>0</depth>
        <value>1.7402417974481149e-03</value>
        <splits>
          <_><var>26</var>
            <quality>8.5651958361268044e-03</quality>
            <le>-3.7779754638671875e+01</le></_></splits></_>
      <_>
        <depth>1</depth>
        <value>1.2996400333871558e-01</value></_>
      <_>
        <depth>1</depth>
        <value>-6.8981025091055553e-02</value></_></nodes></_>
  <_>
    <nodes>
      <_>
        <depth>0</depth>
        <value>-7.9062265339884148e-04</value>
        <splits>
          <_><var>47</var>
            <quality>7.5363689102232456e-03</quality>
            <le>-3.0672079086303711e+01</le></_></splits></_>
      <_>
        <depth>1</depth>
        <value>-1.3814023544424570e-01</value></_>
      <_>
        <depth>1</depth>
        <value>5.7299950693726148e-02</value></_></nodes></_>
  <_>
    <nodes>
      <_>
        <depth>0</depth>
        <value>1.5098916507941433e-04</value>
        <splits>
          <_><var>65</var>
            <quality>8.3028059452772141e-03</quality>
            <le>-5.6379005432128906e+01</le></_></splits></_>
      <_>
        <depth>1</depth>
        <value>1.3520133640595461e-01</value></_>
      <_>
        <depth>1</depth>
        <value>-6.4861993713061020e-02</value></_></nodes></_>
  <_>
    <nodes>
      <_>
        <depth>0</depth>
        <value>-1.7742636757322827e-03</value>
        <splits>
          <_><var>4</var>
            <quality>8.7220175191760063e-03</quality>
            <le>-2.5796615600585938e+01</le></_></splits></_>
      <_>
        <depth>1</depth>
        <value>-1.3050038473551034e-01</value></_>
      <_>
        <depth>1</depth>
        <value>6.9822528948219345e-02</value></_></nodes></_>
  <_>
    <nodes>
      <_>
        <depth>0</depth>
        <value>2.0856898721992559e-03</value>
        <splits>
          <_><var>66</var>
            <quality>6.5149092115461826e-03</quality>
            <le>1.1424339294433594e+01</le></_></splits></_>
      <_>
        <depth>1</depth>
        <value>-6.5982928058414853e-02</value></_>
      <_>
        <depth>1</depth>
        <value>1.0320567722800268e-01</value></_></nodes></_>
  <_>
    <nodes>
      <_>
        <depth>0</depth>
        <value>-6.7001250203905735e-04</value>
        <splits>
          <_><var>20</var>
            <quality>5.1588132046163082e-03</quality>
            <le>3.5788204669952393e+00</le></_></splits></_>
      <_>
        <depth>1</depth>
        <value>5.7305569759628944e-02</value></_>
      <_>
        <depth>1</depth>
        <value>-9.4611583462600748e-02</value></_></nodes></_>
  <_>
    <nodes>
      <_>
        <depth>0</depth>
        <value>7.8321527919479269e-04</value>
        <splits>
          <_><var>54</var>
            <quality>5.4899952374398708e-03</quality>
            <le>-2.2718275070190430e+01</le></_></splits></_>
      <_>
        <depth>1</depth>
        <value>1.1020632166733446e-01</value></_>
      <_>
        <depth>1</depth>
        <value>-5.2279109134807281e-02</value></_></nodes></_>
  <_>
    <nodes>
      <_>
        <depth>0</depth>
