<?xml version="1.0"?>
<opencv_storage>
<format>3</format>
<is_classifier>1</is_classifier>
<var_all>81</var_all>
<var_count>80</var_count>
<ord_var_count>80</ord_var_count>
<cat_var_count>1</cat_var_count>
<training_params>
  <boosting_type>RealAdaboost</boosting_type>
  <use_surrogates>0</use_surrogates>
  <max_categories>10</max_categories>
  <regression_accuracy>9.9999997764825821e-03</regression_accuracy>
  <max_depth>1</max_depth>
  <min_sample_count>10</min_sample_count>
  <cross_validation_folds>0</cross_validation_folds>
  <priors type_id="opencv-matrix">
    <rows>2</rows>
    <cols>1</cols>
    <dt>d</dt>
    <data>
      1.4960000000000466e+04 3906.</data></priors>
  <weight_trimming_rate>9.4999999999999996e-01</weight_trimming_rate></training_params>
<global_var_idx>1</global_var_idx>
<var_idx>
  0 1 2 3 4 5 6 7 8 9 10 11 12 13 14 15 16 17 18 19 20 21 22 23 24 25 26
  27 28 29 30 31 32 33 34 35 36 37 38 39 40 41 42 43 44 45 46 47 48 49
  50 51 52 53 54 55 56 57 58 59 60 61 62 63 64 65 66 67 68 69 70 71 72
  73 74 75 76 77 78 79</var_idx>
<var_type>
  0 0 0 0 0 0 0 0 0 0 0 0 0 0 0 0 0 0 0 0 0 0 0 0 0 0 0 0 0 0 0 0 0 0 0
  0 0 0 0 0 0 0 0 0 0 0 0 0 0 0 0 0 0 0 0 0 0 0 0 0 0 0 0 0 0 0 0 0 0 0
  0 0 0 0 0 0 0 0 0 0 1</var_type>
<cat_ofs>
  0 0 0 0 0 0 0 0 0 0 0 0 0 0 0 0 0 0 0 0 0 0 0 0 0 0 0 0 0 0 0 0 0 0 0
  0 0 0 0 0 0 0 0 0 0 0 0 0 0 0 0 0 0 0 0 0 0 0 0 0 0 0 0 0 0 0 0 0 0 0
  0 0 0 0 0 0 0 0 0 0 0 0 0 0 0 0 0 0 0 0 0 0 0 0 0 0 0 0 0 0 0 0 0 0 0
  0 0 0 0 0 0 0 0 0 0 0 0 0 0 0 0 0 0 0 0 0 0 0 0 0 0 0 0 0 0 0 0 0 0 0
  0 0 0 0 0 0 0 0 0 0 0 0 0 0 0 0 0 0 0 0</cat_ofs>
<class_labels>
  -1 1</class_labels>
<missing_subst>
  0. 0. 0. 0. 0. 0. 0. 0. 0. 0. 0. 0. 0. 0. 0. 0. 0. 0. 0. 0. 0. 0. 0.
  0. 0. 0. 0. 0. 0. 0. 0. 0. 0. 0. 0. 0. 0. 0. 0. 0. 0. 0. 0. 0. 0. 0.
  0. 0. 0. 0. 0. 0. 0. 0. 0. 0. 0. 0. 0. 0. 0. 0. 0. 0. 0. 0. 0. 0. 0.
  0. 0. 0. 0. 0. 0. 0. 0. 0. 0. 0. 0.</missing_subst>
<ntrees>200</ntrees>
<trees>
  <_>
    <nodes>
      <_>
        <depth>0</depth>
        <value>-1.3428661400916171e+00</value>
        <splits>
          <_><var>63</var>
            <quality>7.6329827308654785e-01</quality>
            <le>3.5054283142089844e+01</le></_></splits></_>
      <_>
        <depth>1</depth>
        <value>-1.4129117714091328e+00</value></_>
      <_>
        <depth>1</depth>
        <value>-9.2254345833214790e-01</value></_></nodes></_>
  <_>
    <nodes>
      <_>
        <depth>0</depth>
        <value>2.2164028341267916e-09</value>
        <splits>
          <_><var>72</var>
            <quality>1.7345782369375229e-02</quality>
            <le>8.6691436767578125e+00</le></_></splits></_>
      <_>
        <depth>1</depth>
        <value>-9.0941287791888550e-02</value></_>
      <_>
        <depth>1</depth>
        <value>1.9364632120859232e-01</value></_></nodes></_>
  <_>
    <nodes>
      <_>
        <depth>0</depth>
        <value>-1.8829630667944159e-09</value>
        <splits>
          <_><var>1</var>
            <quality>1.5501322224736214e-02</quality>
            <le>-2.5404655933380127e+00</le></_></splits></_>
      <_>
        <depth>1</depth>
        <value>9.8754910975187668e-02</value></_>
      <_>
        <depth>1</depth>
        <value>-1.5879904073747469e-01</value></_></nodes></_>
  <_>
    <nodes>
      <_>
        <depth>0</depth>
        <value>-2.3136355662661503e-09</value>
        <splits>
          <_><var>61</var>
            <quality>1.5869067981839180e-02</quality>
            <le>-5.5598526000976563e+00</le></_></splits></_>
      <_>
        <depth>1</depth>
        <value>-1.2142614527310763e-01</value></_>
      <_>
        <depth>1</depth>
        <value>1.3209368824651233e-01</value></_></nodes></_>
  <_>
    <nodes>
      <_>
        <depth>0</depth>
        <value>1.2533996047558554e-09</value>
        <splits>
          <_><var>23</var>
            <quality>9.9693704396486282e-03</quality>
            <le>-1.5849065780639648e+01</le></_></splits></_>
      <_>
        <depth>1</depth>
        <value>1.0671439300889168e-01</value></_>
      <_>
        <depth>1</depth>
        <value>-9.4051747116066980e-02</value></_></nodes></_>
  <_>
    <nodes>
      <_>
        <depth>0</depth>
        <value>5.1330223925077946e-02</value>
        <splits>
          <_><var>13</var>
            <quality>1.8540320917963982e-02</quality>
            <le>-1.6929687500000000e+01</le></_></splits></_>
      <_>
        <depth>1</depth>
        <value>-1.0927822130076652e-01</value></_>
      <_>
        <depth>1</depth>
        <value>1.5787934300729087e-01</value></_></nodes></_>
  <_>
    <nodes>
      <_>
        <depth>0</depth>
        <value>-8.1050419356495009e-03</value>
        <splits>
          <_><var>59</var>
            <quality>1.2330576777458191e-02</quality>
            <le>-1.0063190460205078e+01</le></_></splits></_>
      <_>
        <depth>1</depth>
        <value>1.1288917556774497e-01</value></_>
      <_>
        <depth>1</depth>
        <value>-1.1509428164045625e-01</value></_></nodes></_>
  <_>
    <nodes>
      <_>
        <depth>0</depth>
        <value>4.8765678516637552e-03</value>
        <splits>
          <_><var>57</var>
            <quality>9.1574564576148987e-03</quality>
            <le>9.9968414306640625e+00</le></_></splits></_>
      <_>
        <depth>1</depth>
        <value>-4.9049767033792741e-02</value></_>
      <_>
        <depth>1</depth>
        <value>1.8540588540736644e-01</value></_></nodes></_>
  <_>
    <nodes>
      <_>
        <depth>0</depth>
        <value>-2.6021126513491913e-03</value>
        <splits>
          <_><var>43</var>
            <quality>7.4362000450491905e-03</quality>
            <le>3.1828050613403320e+00</le></_></splits></_>
      <_>
        <depth>1</depth>
        <value>-7.2087307135383874e-02</value></_>
      <_>
        <depth>1</depth>
        <value>1.1045433822619624e-01</value></_></nodes></_>
  <_>
    <nodes>
      <_>
        <depth>0</depth>
        <value>-3.6288338174239316e-03</value>
        <splits>
          <_><var>50</var>
            <quality>6.2991050072014332e-03</quality>
            <le>1.2201168060302734e+01</le></_></splits></_>
      <_>
        <depth>1</depth>
        <value>-4.9320024436232061e-02</value></_>
      <_>
        <depth>1</depth>
        <value>1.4143588827487993e-01</value></_></nodes></_>
  <_>
    <nodes>
      <_>
        <depth>0</depth>
        <value>3.9956216902852547e-03</value>
        <splits>
          <_><var>44</var>
            <quality>5.9555196203291416e-03</quality>
            <le>-6.3375339508056641e+00</le></_></splits></_>
      <_>
        <depth>1</depth>
        <value>-6.6065071176586027e-02</value></_>
      <_>
        <depth>1</depth>
        <value>9.3525914347842118e-02</value></_></nodes></_>
  <_>
    <nodes>
      <_>
        <depth>0</depth>
        <value>2.6056622511228938e-04</value>
        <splits>
          <_><var>48</var>
            <quality>5.7842321693897247e-03</quality>
            <le>-9.3361549377441406e+00</le></_></splits></_>
      <_>
        <depth>1</depth>
        <value>8.2201441150668506e-02</value></_>
      <_>
        <depth>1</depth>
        <value>-7.4284726995870368e-02</value></_></nodes></_>
  <_>
    <nodes>
      <_>
        <depth>0</depth>
        <value>1.4178446692377188e-03</value>
        <splits>
          <_><var>28</var>
            <quality>6.6267549991607666e-03</quality>
            <le>-2.0157928466796875e+00</le></_></splits></_>
      <_>
        <depth>1</depth>
        <value>-7.4132958303148005e-02</value></_>
      <_>
        <depth>1</depth>
        <value>9.4158077314193109e-02</value></_></nodes></_>
  <_>
    <nodes>
      <_>
