<?xml version="1.0"?>
<opencv_storage>
<format>3</format>
<is_classifier>1</is_classifier>
<var_all>81</var_all>
<var_count>80</var_count>
<ord_var_count>80</ord_var_count>
<cat_var_count>1</cat_var_count>
<training_params>
  <boosting_type>RealAdaboost</boosting_type>
  <use_surrogates>0</use_surrogates>
  <max_categories>10</max_categories>
  <regression_accuracy>9.9999997764825821e-03</regression_accuracy>
  <max_depth>1</max_depth>
  <min_sample_count>10</min_sample_count>
  <cross_validation_folds>0</cross_validation_folds>
  <priors type_id="opencv-matrix">
    <rows>2</rows>
    <cols>1</cols>
    <dt>d</dt>
    <data>
      1.4960000000007403e+04 3906.</data></priors>
  <weight_trimming_rate>9.4999999999999996e-01</weight_trimming_rate></training_params>
<global_var_idx>1</global_var_idx>
<var_idx>
  0 1 2 3 4 5 6 7 8 9 10 11 12 13 14 15 16 17 18 19 20 21 22 23 24 25 26
  27 28 29 30 31 32 33 34 35 36 37 38 39 40 41 42 43 44 45 46 47 48 49
  50 51 52 53 54 55 56 57 58 59 60 61 62 63 64 65 66 67 68 69 70 71 72
  73 74 75 76 77 78 79</var_idx>
<var_type>
  0 0 0 0 0 0 0 0 0 0 0 0 0 0 0 0 0 0 0 0 0 0 0 0 0 0 0 0 0 0 0 0 0 0 0
  0 0 0 0 0 0 0 0 0 0 0 0 0 0 0 0 0 0 0 0 0 0 0 0 0 0 0 0 0 0 0 0 0 0 0
  0 0 0 0 0 0 0 0 0 0 1</var_type>
<cat_ofs>
  0 0 0 0 0 0 0 0 0 0 0 0 0 0 0 0 0 0 0 0 0 0 0 0 0 0 0 0 0 0 0 0 0 0 0
  0 0 0 0 0 0 0 0 0 0 0 0 0 0 0 0 0 0 0 0 0 0 0 0 0 0 0 0 0 0 0 0 0 0 0
  0 0 0 0 0 0 0 0 0 0 0 0 0 0 0 0 0 0 0 0 0 0 0 0 0 0 0 0 0 0 0 0 0 0 0
  0 0 0 0 0 0 0 0 0 0 0 0 0 0 0 0 0 0 0 0 0 0 0 0 0 0 0 0 0 0 0 0 0 0 0
  0 0 0 0 0 0 0 0 0 0 0 0 0 0 0 0 0 0 0 0</cat_ofs>
<class_labels>
  -1 1</class_labels>
<missing_subst>
  0. 0. 0. 0. 0. 0. 0. 0. 0. 0. 0. 0. 0. 0. 0. 0. 0. 0. 0. 0. 0. 0. 0.
  0. 0. 0. 0. 0. 0. 0. 0. 0. 0. 0. 0. 0. 0. 0. 0. 0. 0. 0. 0. 0. 0. 0.
  0. 0. 0. 0. 0. 0. 0. 0. 0. 0. 0. 0. 0. 0. 0. 0. 0. 0. 0. 0. 0. 0. 0.
  0. 0. 0. 0. 0. 0. 0. 0. 0. 0. 0. 0.</missing_subst>
<ntrees>200</ntrees>
<trees>
  <_>
    <nodes>
      <_>
        <depth>0</depth>
        <value>-1.3428661400916171e+00</value>
        <splits>
          <_><var>77</var>
            <quality>7.7884334325790405e-01</quality>
            <le>8.1927073001861572e-01</le></_></splits></_>
      <_>
        <depth>1</depth>
        <value>-1.5534609144981495e+00</value></_>
      <_>
        <depth>1</depth>
        <value>-4.8183995822373671e-01</value></_></nodes></_>
  <_>
    <nodes>
      <_>
        <depth>0</depth>
        <value>3.3146343015207872e-08</value>
        <splits>
          <_><var>10</var>
            <quality>4.2556524276733398e-02</quality>
            <le>4.4374303817749023e+00</le></_></splits></_>
      <_>
        <depth>1</depth>
        <value>-9.9241277277708456e-02</value></_>
      <_>
        <depth>1</depth>
        <value>4.6017343789405812e-01</value></_></nodes></_>
  <_>
    <nodes>
      <_>
        <depth>0</depth>
        <value>3.1767728346899089e-09</value>
        <splits>
          <_><var>34</var>
            <quality>2.6356069371104240e-02</quality>
            <le>3.5387322902679443e+00</le></_></splits></_>
      <_>
        <depth>1</depth>
        <value>-7.7181897623108231e-02</value></_>
      <_>
        <depth>1</depth>
        <value>3.5653432865055934e-01</value></_></nodes></_>
  <_>
    <nodes>
      <_>
        <depth>0</depth>
        <value>-2.3447066516082240e-10</value>
        <splits>
          <_><var>60</var>
            <quality>2.0444789901375771e-02</quality>
            <le>-3.9611096382141113e+00</le></_></splits></_>
      <_>
        <depth>1</depth>
        <value>4.7981996270891711e-02</value></_>
      <_>
        <depth>1</depth>
        <value>-4.5551270353865408e-01</value></_></nodes></_>
  <_>
    <nodes>
      <_>
        <depth>0</depth>
        <value>2.2402807293850524e-02</value>
        <splits>
          <_><var>77</var>
            <quality>1.9149268046021461e-02</quality>
            <le>1.0049896240234375e+00</le></_></splits></_>
      <_>
        <depth>1</depth>
        <value>9.2099721638362594e-02</value></_>
      <_>
        <depth>1</depth>
        <value>-2.6196771700488625e-01</value></_></nodes></_>
  <_>
    <nodes>
      <_>
        <depth>0</depth>
        <value>8.9749522701544886e-03</value>
        <splits>
          <_><var>39</var>
            <quality>2.3706456646323204e-02</quality>
            <le>5.5152444839477539e+00</le></_></splits></_>
      <_>
        <depth>1</depth>
        <value>-6.3482891370952754e-02</value></_>
      <_>
        <depth>1</depth>
        <value>3.6086471254308922e-01</value></_></nodes></_>
  <_>
    <nodes>
      <_>
        <depth>0</depth>
        <value>-4.3425944115138074e-03</value>
        <splits>
          <_><var>60</var>
            <quality>1.3662304729223251e-02</quality>
            <le>2.1533374786376953e+01</le></_></splits></_>
      <_>
        <depth>1</depth>
        <value>-3.0861791816422159e-02</value></_>
      <_>
        <depth>1</depth>
        <value>5.8695505781471136e-01</value></_></nodes></_>
  <_>
    <nodes>
      <_>
        <depth>0</depth>
        <value>-3.7626366255154045e-02</value>
        <splits>
          <_><var>60</var>
            <quality>1.8281664699316025e-02</quality>
            <le>2.0987165451049805e+01</le></_></splits></_>
      <_>
        <depth>1</depth>
        <value>3.7107882845289091e-05</value></_>
      <_>
        <depth>1</depth>
        <value>-5.3783842356840339e-01</value></_></nodes></_>
  <_>
    <nodes>
      <_>
        <depth>0</depth>
        <value>1.8923300791658829e-02</value>
        <splits>
          <_><var>73</var>
            <quality>1.2746690772473812e-02</quality>
            <le>1.9163841247558594e+01</le></_></splits></_>
      <_>
        <depth>1</depth>
        <value>-2.6075355399095695e-02</value></_>
      <_>
        <depth>1</depth>
        <value>3.1280768897207439e-01</value></_></nodes></_>
  <_>
    <nodes>
      <_>
        <depth>0</depth>
        <value>-7.8363788305586845e-04</value>
        <splits>
          <_><var>38</var>
            <quality>9.0930890291929245e-03</quality>
            <le>7.4664182662963867e+00</le></_></splits></_>
      <_>
        <depth>1</depth>
        <value>-4.5715664891381000e-02</value></_>
      <_>
        <depth>1</depth>
        <value>2.1097874269765773e-01</value></_></nodes></_>
  <_>
    <nodes>
      <_>
        <depth>0</depth>
        <value>-1.7657193761151541e-04</value>
        <splits>
          <_><var>60</var>
            <quality>8.8567184284329414e-03</quality>
            <le>9.3438827514648438e+01</le></_></splits></_>
      <_>
        <depth>1</depth>
        <value>-1.1381146724506403e-02</value></_>
      <_>
        <depth>1</depth>
        <value>1.1359987572754411e+00</value></_></nodes></_>
  <_>
    <nodes>
      <_>
        <depth>0</depth>
        <value>-1.0169492843558449e-02</value>
        <splits>
          <_><var>14</var>
            <quality>7.4670240283012390e-03</quality>
            <le>8.5653305053710938e+00</le></_></splits></_>
      <_>
        <depth>1</depth>
        <value>9.5006268686097916e-03</value></_>
      <_>
        <depth>1</depth>
        <value>-4.1652853197452627e-01</value></_></nodes></_>
  <_>
    <nodes>
      <_>
        <depth>0</depth>
        <value>1.9749607025414638e-02</value>
        <splits>
          <_><var>14</var>
            <quality>1.4530217275023460e-02</quality>
            <le>8.0315122604370117e+00</le></_></splits></_>
      <_>
        <depth>1</depth>
        <value>-4.9522802384161652e-04</value></_>
      <_>
        <depth>1</depth>
        <value>9.7442935851058265e-01</value></_></nodes></_>
  <_>
    <nodes>
      <_>
        <depth>0</depth>
