<?xml version="1.0"?>
<opencv_storage>
<format>3</format>
<is_classifier>1</is_classifier>
<var_all>81</var_all>
<var_count>80</var_count>
<ord_var_count>80</ord_var_count>
<cat_var_count>1</cat_var_count>
<training_params>
  <boosting_type>RealAdaboost</boosting_type>
  <use_surrogates>0</use_surrogates>
  <max_categories>10</max_categories>
  <regression_accuracy>9.9999997764825821e-03</regression_accuracy>
  <max_depth>1</max_depth>
  <min_sample_count>10</min_sample_count>
  <cross_validation_folds>0</cross_validation_folds>
  <priors type_id="opencv-matrix">
    <rows>2</rows>
    <cols>1</cols>
    <dt>d</dt>
    <data>
      1.4960000000000498e+04 3906.</data></priors>
  <weight_trimming_rate>9.4999999999999996e-01</weight_trimming_rate></training_params>
<global_var_idx>1</global_var_idx>
<var_idx>
  0 1 2 3 4 5 6 7 8 9 10 11 12 13 14 15 16 17 18 19 20 21 22 23 24 25 26
  27 28 29 30 31 32 33 34 35 36 37 38 39 40 41 42 43 44 45 46 47 48 49
  50 51 52 53 54 55 56 57 58 59 60 61 62 63 64 65 66 67 68 69 70 71 72
  73 74 75 76 77 78 79</var_idx>
<var_type>
  0 0 0 0 0 0 0 0 0 0 0 0 0 0 0 0 0 0 0 0 0 0 0 0 0 0 0 0 0 0 0 0 0 0 0
  0 0 0 0 0 0 0 0 0 0 0 0 0 0 0 0 0 0 0 0 0 0 0 0 0 0 0 0 0 0 0 0 0 0 0
  0 0 0 0 0 0 0 0 0 0 1</var_type>
<cat_ofs>
  0 0 0 0 0 0 0 0 0 0 0 0 0 0 0 0 0 0 0 0 0 0 0 0 0 0 0 0 0 0 0 0 0 0 0
  0 0 0 0 0 0 0 0 0 0 0 0 0 0 0 0 0 0 0 0 0 0 0 0 0 0 0 0 0 0 0 0 0 0 0
  0 0 0 0 0 0 0 0 0 0 0 0 0 0 0 0 0 0 0 0 0 0 0 0 0 0 0 0 0 0 0 0 0 0 0
  0 0 0 0 0 0 0 0 0 0 0 0 0 0 0 0 0 0 0 0 0 0 0 0 0 0 0 0 0 0 0 0 0 0 0
  0 0 0 0 0 0 0 0 0 0 0 0 0 0 0 0 0 0 0 0</cat_ofs>
<class_labels>
  -1 1</class_labels>
<missing_subst>
  0. 0. 0. 0. 0. 0. 0. 0. 0. 0. 0. 0. 0. 0. 0. 0. 0. 0. 0. 0. 0. 0. 0.
  0. 0. 0. 0. 0. 0. 0. 0. 0. 0. 0. 0. 0. 0. 0. 0. 0. 0. 0. 0. 0. 0. 0.
  0. 0. 0. 0. 0. 0. 0. 0. 0. 0. 0. 0. 0. 0. 0. 0. 0. 0. 0. 0. 0. 0. 0.
  0. 0. 0. 0. 0. 0. 0. 0. 0. 0. 0. 0.</missing_subst>
<ntrees>200</ntrees>
<trees>
  <_>
    <nodes>
      <_>
        <depth>0</depth>
        <value>-1.3428661400916171e+00</value>
        <splits>
          <_><var>5</var>
            <quality>7.6980245113372803e-01</quality>
            <le>-3.2439846038818359e+01</le></_></splits></_>
      <_>
        <depth>1</depth>
        <value>-8.9020743069680786e-01</value></_>
      <_>
        <depth>1</depth>
        <value>-1.6367458387198097e+00</value></_></nodes></_>
  <_>
    <nodes>
      <_>
        <depth>0</depth>
        <value>-2.5343124908104821e-08</value>
        <splits>
          <_><var>14</var>
            <quality>3.3651322126388550e-02</quality>
            <le>-7.2703628540039063e+01</le></_></splits></_>
      <_>
        <depth>1</depth>
        <value>2.3852804572320579e-01</value></_>
      <_>
        <depth>1</depth>
        <value>-1.4474710464500709e-01</value></_></nodes></_>
  <_>
    <nodes>
      <_>
        <depth>0</depth>
        <value>3.2430902302833046e-09</value>
        <splits>
          <_><var>41</var>
            <quality>1.6996204853057861e-02</quality>
            <le>-1.4127695083618164e+01</le></_></splits></_>
      <_>
        <depth>1</depth>
        <value>-1.6775529591306898e-01</value></_>
      <_>
        <depth>1</depth>
        <value>1.0262282318774561e-01</value></_></nodes></_>
  <_>
    <nodes>
      <_>
        <depth>0</depth>
        <value>-1.1292409242675657e-09</value>
        <splits>
          <_><var>35</var>
            <quality>1.7693255096673965e-02</quality>
            <le>-2.9978574752807617e+01</le></_></splits></_>
      <_>
        <depth>1</depth>
        <value>1.6262354065235343e-01</value></_>
      <_>
        <depth>1</depth>
        <value>-1.1020022101172694e-01</value></_></nodes></_>
  <_>
    <nodes>
      <_>
        <depth>0</depth>
        <value>3.6270553442686773e-02</value>
        <splits>
          <_><var>5</var>
            <quality>1.2527779676020145e-02</quality>
            <le>-2.2873985290527344e+01</le></_></splits></_>
      <_>
        <depth>1</depth>
        <value>-8.8663552794816289e-02</value></_>
      <_>
        <depth>1</depth>
        <value>1.3056675041426322e-01</value></_></nodes></_>
  <_>
    <nodes>
      <_>
        <depth>0</depth>
        <value>8.4350580874916099e-03</value>
        <splits>
          <_><var>12</var>
            <quality>1.3107602484524250e-02</quality>
            <le>-4.6676223754882813e+01</le></_></splits></_>
      <_>
        <depth>1</depth>
        <value>1.5309228586648460e-01</value></_>
      <_>
        <depth>1</depth>
        <value>-8.7219904523445885e-02</value></_></nodes></_>
  <_>
    <nodes>
      <_>
        <depth>0</depth>
        <value>-1.4664551214426467e-03</value>
        <splits>
          <_><var>54</var>
            <quality>1.1938192881643772e-02</quality>
            <le>-1.8037082672119141e+01</le></_></splits></_>
      <_>
        <depth>1</depth>
        <value>-1.5801261454133383e-01</value></_>
      <_>
        <depth>1</depth>
        <value>7.9158797385232058e-02</value></_></nodes></_>
  <_>
    <nodes>
      <_>
        <depth>0</depth>
        <value>-1.2304058106606946e-04</value>
        <splits>
          <_><var>32</var>
            <quality>1.3584015890955925e-02</quality>
            <le>-3.5597572326660156e+01</le></_></splits></_>
      <_>
        <depth>1</depth>
        <value>1.5377659666630653e-01</value></_>
      <_>
        <depth>1</depth>
        <value>-9.3502211368912819e-02</value></_></nodes></_>
  <_>
    <nodes>
      <_>
        <depth>0</depth>
        <value>6.4154729386947445e-03</value>
        <splits>
          <_><var>50</var>
            <quality>1.0315431281924248e-02</quality>
            <le>-2.1646308898925781e+00</le></_></splits></_>
      <_>
        <depth>1</depth>
        <value>-8.6112564709623085e-02</value></_>
      <_>
        <depth>1</depth>
        <value>1.2414430874274233e-01</value></_></nodes></_>
  <_>
    <nodes>
      <_>
        <depth>0</depth>
        <value>-2.5370355819201405e-03</value>
        <splits>
          <_><var>13</var>
            <quality>7.1284403093159199e-03</quality>
            <le>2.1495754241943359e+01</le></_></splits></_>
      <_>
        <depth>1</depth>
        <value>-5.6849233967282045e-02</value></_>
      <_>
        <depth>1</depth>
        <value>1.3621254093503449e-01</value></_></nodes></_>
  <_>
    <nodes>
      <_>
        <depth>0</depth>
        <value>-1.9115532876173762e-03</value>
        <splits>
          <_><var>55</var>
            <quality>7.2642737068235874e-03</quality>
            <le>-1.2922264099121094e+01</le></_></splits></_>
      <_>
        <depth>1</depth>
        <value>8.8391791656658239e-02</value></_>
      <_>
        <depth>1</depth>
        <value>-8.6531002433892820e-02</value></_></nodes></_>
  <_>
    <nodes>
      <_>
        <depth>0</depth>
        <value>-5.1936897959075044e-03</value>
        <splits>
          <_><var>42</var>
            <quality>6.5540093928575516e-03</quality>
            <le>-1.8772674560546875e+01</le></_></splits></_>
      <_>
        <depth>1</depth>
        <value>-1.1247201638200731e-01</value></_>
      <_>
        <depth>1</depth>
        <value>5.8540551740198545e-02</value></_></nodes></_>
  <_>
    <nodes>
      <_>
        <depth>0</depth>
        <value>7.2465335440377917e-03</value>
        <splits>
          <_><var>26</var>
            <quality>5.0978977233171463e-03</quality>
            <le>4.5247066497802734e+01</le></_></splits></_>
      <_>
        <depth>1</depth>
        <value>2.9437359256987285e-02</value></_>
      <_>
        <depth>1</depth>
        <value>-2.3564792080788982e-01</value></_></nodes></_>
  <_>
    <nodes>
      <_>
