<?xml version="1.0"?>
<opencv_storage>
<format>3</format>
<is_classifier>1</is_classifier>
<var_all>81</var_all>
<var_count>80</var_count>
<ord_var_count>80</ord_var_count>
<cat_var_count>1</cat_var_count>
<training_params>
  <boosting_type>RealAdaboost</boosting_type>
  <use_surrogates>0</use_surrogates>
  <max_categories>10</max_categories>
  <regression_accuracy>9.9999997764825821e-03</regression_accuracy>
  <max_depth>1</max_depth>
  <min_sample_count>10</min_sample_count>
  <cross_validation_folds>0</cross_validation_folds>
  <priors type_id="opencv-matrix">
    <rows>2</rows>
    <cols>1</cols>
    <dt>d</dt>
    <data>
      14960. 3906.</data></priors>
  <weight_trimming_rate>9.4999999999999996e-01</weight_trimming_rate></training_params>
<global_var_idx>1</global_var_idx>
<var_idx>
  0 1 2 3 4 5 6 7 8 9 10 11 12 13 14 15 16 17 18 19 20 21 22 23 24 25 26
  27 28 29 30 31 32 33 34 35 36 37 38 39 40 41 42 43 44 45 46 47 48 49
  50 51 52 53 54 55 56 57 58 59 60 61 62 63 64 65 66 67 68 69 70 71 72
  73 74 75 76 77 78 79</var_idx>
<var_type>
  0 0 0 0 0 0 0 0 0 0 0 0 0 0 0 0 0 0 0 0 0 0 0 0 0 0 0 0 0 0 0 0 0 0 0
  0 0 0 0 0 0 0 0 0 0 0 0 0 0 0 0 0 0 0 0 0 0 0 0 0 0 0 0 0 0 0 0 0 0 0
  0 0 0 0 0 0 0 0 0 0 1</var_type>
<cat_ofs>
  0 0 0 0 0 0 0 0 0 0 0 0 0 0 0 0 0 0 0 0 0 0 0 0 0 0 0 0 0 0 0 0 0 0 0
  0 0 0 0 0 0 0 0 0 0 0 0 0 0 0 0 0 0 0 0 0 0 0 0 0 0 0 0 0 0 0 0 0 0 0
  0 0 0 0 0 0 0 0 0 0 0 0 0 0 0 0 0 0 0 0 0 0 0 0 0 0 0 0 0 0 0 0 0 0 0
  0 0 0 0 0 0 0 0 0 0 0 0 0 0 0 0 0 0 0 0 0 0 0 0 0 0 0 0 0 0 0 0 0 0 0
  0 0 0 0 0 0 0 0 0 0 0 0 0 0 0 0 0 0 0 0</cat_ofs>
<class_labels>
  -1 1</class_labels>
<missing_subst>
  0. 0. 0. 0. 0. 0. 0. 0. 0. 0. 0. 0. 0. 0. 0. 0. 0. 0. 0. 0. 0. 0. 0.
  0. 0. 0. 0. 0. 0. 0. 0. 0. 0. 0. 0. 0. 0. 0. 0. 0. 0. 0. 0. 0. 0. 0.
  0. 0. 0. 0. 0. 0. 0. 0. 0. 0. 0. 0. 0. 0. 0. 0. 0. 0. 0. 0. 0. 0. 0.
  0. 0. 0. 0. 0. 0. 0. 0. 0. 0. 0. 0.</missing_subst>
<ntrees>200</ntrees>
<trees>
  <_>
    <nodes>
      <_>
        <depth>0</depth>
        <value>-1.3428661400916171e+00</value>
        <splits>
          <_><var>54</var>
            <quality>7.8692376613616943e-01</quality>
            <le>5.4860877990722656e+00</le></_></splits></_>
      <_>
        <depth>1</depth>
        <value>-1.5778650286150544e+00</value></_>
      <_>
        <depth>1</depth>
        <value>-3.1822431130548051e-01</value></_></nodes></_>
  <_>
    <nodes>
      <_>
        <depth>0</depth>
        <value>-2.0210398263729427e-08</value>
        <splits>
          <_><var>78</var>
            <quality>6.8459182977676392e-02</quality>
            <le>-7.4822568893432617e+00</le></_></splits></_>
      <_>
        <depth>1</depth>
        <value>1.0743548939859759e-01</value></_>
      <_>
        <depth>1</depth>
        <value>-7.5760093076185442e-01</value></_></nodes></_>
  <_>
    <nodes>
      <_>
        <depth>0</depth>
        <value>-1.1839431671296179e-09</value>
        <splits>
          <_><var>5</var>
            <quality>4.8245232552289963e-02</quality>
            <le>6.4634180068969727e-01</le></_></splits></_>
      <_>
        <depth>1</depth>
        <value>-1.1855103842936371e-01</value></_>
      <_>
        <depth>1</depth>
        <value>4.3424428764741396e-01</value></_></nodes></_>
  <_>
    <nodes>
      <_>
        <depth>0</depth>
        <value>5.2017931430995749e-02</value>
        <splits>
          <_><var>78</var>
            <quality>4.7088444232940674e-02</quality>
            <le>-8.0030655860900879e-01</le></_></splits></_>
      <_>
        <depth>1</depth>
        <value>-5.1303503387229140e-03</value></_>
      <_>
        <depth>1</depth>
        <value>1.3420912898801074e+00</value></_></nodes></_>
  <_>
    <nodes>
      <_>
        <depth>0</depth>
        <value>-1.7283929926817640e-01</value>
        <splits>
          <_><var>78</var>
            <quality>1.4897947013378143e-01</quality>
            <le>-5.3566497564315796e-01</le></_></splits></_>
      <_>
        <depth>1</depth>
        <value>4.8795310109866405e-05</value></_>
      <_>
        <depth>1</depth>
        <value>-1.3384529581829472e+00</value></_></nodes></_>
  <_>
    <nodes>
      <_>
        <depth>0</depth>
        <value>5.6132288329855798e-02</value>
        <splits>
          <_><var>78</var>
            <quality>4.6622410416603088e-02</quality>
            <le>3.5765252113342285e+00</le></_></splits></_>
      <_>
        <depth>1</depth>
        <value>5.5241303619799184e-04</value></_>
      <_>
        <depth>1</depth>
        <value>1.3891573192192059e+00</value></_></nodes></_>
  <_>
    <nodes>
      <_>
        <depth>0</depth>
        <value>-1.7554842611352012e-01</value>
        <splits>
          <_><var>78</var>
            <quality>1.5269605815410614e-01</quality>
            <le>3.3199033737182617e+00</le></_></splits></_>
      <_>
        <depth>1</depth>
        <value>1.6758514667442276e-04</value></_>
      <_>
        <depth>1</depth>
        <value>-1.3766465906593079e+00</value></_></nodes></_>
  <_>
    <nodes>
      <_>
        <depth>0</depth>
        <value>5.4772672185583057e-02</value>
        <splits>
          <_><var>78</var>
            <quality>4.5837081968784332e-02</quality>
            <le>5.3340597152709961e+00</le></_></splits></_>
      <_>
        <depth>1</depth>
        <value>3.9009733512594430e-04</value></_>
      <_>
        <depth>1</depth>
        <value>1.4111464293113825e+00</value></_></nodes></_>
  <_>
    <nodes>
      <_>
        <depth>0</depth>
        <value>-1.7695028757625250e-01</value>
        <splits>
          <_><var>78</var>
            <quality>1.5482784807682037e-01</quality>
            <le>5.3340597152709961e+00</le></_></splits></_>
      <_>
        <depth>1</depth>
        <value>2.3238195239156290e-04</value></_>
      <_>
        <depth>1</depth>
        <value>-1.4037517784446256e+00</value></_></nodes></_>
  <_>
    <nodes>
      <_>
        <depth>0</depth>
        <value>3.3277845910240278e-03</value>
        <splits>
          <_><var>27</var>
            <quality>4.1472896933555603e-02</quality>
            <le>-4.1381502151489258e+00</le></_></splits></_>
      <_>
        <depth>1</depth>
        <value>8.5116163445441276e-02</value></_>
      <_>
        <depth>1</depth>
        <value>-5.5768212690380559e-01</value></_></nodes></_>
  <_>
    <nodes>
      <_>
        <depth>0</depth>
        <value>4.6936071116071447e-02</value>
        <splits>
          <_><var>78</var>
            <quality>5.4943084716796875e-02</quality>
            <le>-4.6509379148483276e-01</le></_></splits></_>
      <_>
        <depth>1</depth>
        <value>-1.8059306003982162e-02</value></_>
      <_>
        <depth>1</depth>
        <value>1.4749321699907521e+00</value></_></nodes></_>
  <_>
    <nodes>
      <_>
        <depth>0</depth>
        <value>-1.5968830938952586e-01</value>
        <splits>
          <_><var>78</var>
            <quality>1.6515953838825226e-01</quality>
            <le>-5.3566497564315796e-01</le></_></splits></_>
      <_>
        <depth>1</depth>
        <value>4.0806816440554318e-02</value></_>
      <_>
        <depth>1</depth>
        <value>-1.4231563059411660e+00</value></_></nodes></_>
  <_>
    <nodes>
      <_>
        <depth>0</depth>
        <value>2.2239960137898841e-02</value>
        <splits>
          <_><var>78</var>
            <quality>5.2468769252300262e-02</quality>
            <le>-4.6509379148483276e-01</le></_></splits></_>
      <_>
        <depth>1</depth>
        <value>-4.0806815185568890e-02</value></_>
      <_>
        <depth>1</depth>
        <value>1.4231562376787570e+00</value></_></nodes></_>
  <_>
    <nodes>
      <_>
        <depth>0</depth>
