<?xml version="1.0"?>
<opencv_storage>
<format>3</format>
<is_classifier>1</is_classifier>
<var_all>27</var_all>
<var_count>26</var_count>
<ord_var_count>26</ord_var_count>
<cat_var_count>1</cat_var_count>
<training_params>
  <boosting_type>RealAdaboost</boosting_type>
  <use_surrogates>0</use_surrogates>
  <max_categories>10</max_categories>
  <regression_accuracy>9.9999997764825821e-03</regression_accuracy>
  <max_depth>1</max_depth>
  <min_sample_count>10</min_sample_count>
  <cross_validation_folds>0</cross_validation_folds>
  <priors type_id="opencv-matrix">
    <rows>2</rows>
    <cols>1</cols>
    <dt>d</dt>
    <data>
      1.4960000000000015e+04 3906.</data></priors>
  <weight_trimming_rate>9.4999999999999996e-01</weight_trimming_rate></training_params>
<global_var_idx>1</global_var_idx>
<var_idx>
  0 1 2 3 4 5 6 7 8 9 10 11 12 13 14 15 16 17 18 19 20 21 22 23 24 25</var_idx>
<var_type>
  0 0 0 0 0 0 0 0 0 0 0 0 0 0 0 0 0 0 0 0 0 0 0 0 0 0 1</var_type>
<cat_ofs>
  0 0 0 0 0 0 0 0 0 0 0 0 0 0 0 0 0 0 0 0 0 0 0 0 0 0 0 0 0 0 0 0 0 0 0
  0 0 0 0 0 0 0 0 0 0 0 0 0 0 0 0 0</cat_ofs>
<class_labels>
  -1 1</class_labels>
<missing_subst>
  0. 0. 0. 0. 0. 0. 0. 0. 0. 0. 0. 0. 0. 0. 0. 0. 0. 0. 0. 0. 0. 0. 0.
  0. 0. 0. 0.</missing_subst>
<ntrees>200</ntrees>
<trees>
  <_>
    <nodes>
      <_>
        <depth>0</depth>
        <value>-1.3428661400916171e+00</value>
        <splits>
          <_><var>0</var>
            <quality>8.3120924234390259e-01</quality>
            <le>-6.2723533483222127e-04</le></_></splits></_>
      <_>
        <depth>1</depth>
        <value>-2.8786830118420087e-01</value></_>
      <_>
        <depth>1</depth>
        <value>-2.6940917205366062e+00</value></_></nodes></_>
  <_>
    <nodes>
      <_>
        <depth>0</depth>
        <value>2.5537237227751868e-08</value>
        <splits>
          <_><var>0</var>
            <quality>2.0869757235050201e-01</quality>
            <le>-3.3338885987177491e-04</le></_></splits></_>
      <_>
        <depth>1</depth>
        <value>2.2898522504325877e-01</value></_>
      <_>
        <depth>1</depth>
        <value>-1.6385964901695615e+00</value></_></nodes></_>
  <_>
    <nodes>
      <_>
        <depth>0</depth>
        <value>4.4582246579097762e-02</value>
        <splits>
          <_><var>23</var>
            <quality>2.6852819323539734e-01</quality>
            <le>-3.4189879079349339e-04</le></_></splits></_>
      <_>
        <depth>1</depth>
        <value>7.6385561519323120e-01</value></_>
      <_>
        <depth>1</depth>
        <value>-4.4837665325272424e-01</value></_></nodes></_>
  <_>
    <nodes>
      <_>
        <depth>0</depth>
        <value>-4.6626775099996076e-02</value>
        <splits>
          <_><var>0</var>
            <quality>1.1266540735960007e-01</quality>
            <le>-6.2691938364878297e-04</le></_></splits></_>
      <_>
        <depth>1</depth>
        <value>-2.7148669365394074e-01</value></_>
      <_>
        <depth>1</depth>
        <value>5.0840770701388827e-01</value></_></nodes></_>
  <_>
    <nodes>
      <_>
        <depth>0</depth>
        <value>8.3437305584966410e-05</value>
        <splits>
          <_><var>23</var>
            <quality>8.1984587013721466e-02</quality>
            <le>8.2586519420146942e-04</le></_></splits></_>
      <_>
        <depth>1</depth>
        <value>-1.8272290013341022e-01</value></_>
      <_>
        <depth>1</depth>
        <value>5.0775818960085384e-01</value></_></nodes></_>
  <_>
    <nodes>
      <_>
        <depth>0</depth>
        <value>-4.8355804872695233e-05</value>
        <splits>
          <_><var>21</var>
            <quality>6.0369648039340973e-02</quality>
            <le>-2.1250572171993554e-04</le></_></splits></_>
      <_>
        <depth>1</depth>
        <value>2.5481917853714758e-01</value></_>
      <_>
        <depth>1</depth>
        <value>-2.5487372178776019e-01</value></_></nodes></_>
  <_>
    <nodes>
      <_>
        <depth>0</depth>
        <value>-2.5000312438346218e-09</value>
        <splits>
          <_><var>0</var>
            <quality>6.6892437636852264e-02</quality>
            <le>-1.4981381536927074e-04</le></_></splits></_>
      <_>
        <depth>1</depth>
        <value>7.6750998315495367e-02</value></_>
      <_>
        <depth>1</depth>
        <value>-1.4918273775898834e+00</value></_></nodes></_>
  <_>
    <nodes>
      <_>
        <depth>0</depth>
        <value>3.4894795369526811e-02</value>
        <splits>
          <_><var>0</var>
            <quality>6.0743920505046844e-02</quality>
            <le>-6.2691938364878297e-04</le></_></splits></_>
      <_>
        <depth>1</depth>
        <value>-9.3873898189798202e-02</value></_>
      <_>
        <depth>1</depth>
        <value>5.7651079732254784e-01</value></_></nodes></_>
  <_>
    <nodes>
      <_>
        <depth>0</depth>
        <value>-3.2036283059768793e-02</value>
        <splits>
          <_><var>23</var>
            <quality>6.3993483781814575e-02</quality>
            <le>-5.1787274423986673e-04</le></_></splits></_>
      <_>
        <depth>1</depth>
        <value>3.7137972822293092e-01</value></_>
      <_>
        <depth>1</depth>
        <value>-2.0586074118854514e-01</value></_></nodes></_>
  <_>
    <nodes>
      <_>
        <depth>0</depth>
        <value>-2.5217122111623767e-02</value>
        <splits>
          <_><var>19</var>
            <quality>5.2517637610435486e-02</quality>
            <le>-1.6715153469704092e-04</le></_></splits></_>
      <_>
        <depth>1</depth>
        <value>1.3773440914658211e-01</value></_>
      <_>
        <depth>1</depth>
        <value>-3.7201099120565562e-01</value></_></nodes></_>
  <_>
    <nodes>
      <_>
        <depth>0</depth>
        <value>7.9295452003793274e-03</value>
        <splits>
          <_><var>24</var>
            <quality>4.1363563388586044e-02</quality>
            <le>6.0146506875753403e-03</le></_></splits></_>
      <_>
        <depth>1</depth>
        <value>5.5706501843359950e-02</value></_>
      <_>
        <depth>1</depth>
        <value>-1.4348263962151360e+00</value></_></nodes></_>
  <_>
    <nodes>
      <_>
        <depth>0</depth>
        <value>1.7286625340081274e-04</value>
        <splits>
          <_><var>22</var>
            <quality>2.9873380437493324e-02</quality>
            <le>1.5521120076300576e-05</le></_></splits></_>
      <_>
        <depth>1</depth>
        <value>1.8975176884083098e-01</value></_>
      <_>
        <depth>1</depth>
        <value>-1.6787215597868207e-01</value></_></nodes></_>
  <_>
    <nodes>
      <_>
        <depth>0</depth>
        <value>1.5610147916775565e-03</value>
        <splits>
          <_><var>23</var>
            <quality>3.4338984638452530e-02</quality>
            <le>2.5546182878315449e-03</le></_></splits></_>
      <_>
        <depth>1</depth>
        <value>4.7109338104643281e-02</value></_>
      <_>
        <depth>1</depth>
        <value>-1.0770144970932345e+00</value></_></nodes></_>
  <_>
    <nodes>
      <_>
        <depth>0</depth>
        <value>-2.9428531496498689e-03</value>
        <splits>
          <_><var>0</var>
            <quality>3.6455623805522919e-02</quality>
            <le>-5.0021783681586385e-04</le></_></splits></_>
      <_>
        <depth>1</depth>
        <value>7.5060457591009280e-02</value></_>
      <_>
        <depth>1</depth>
        <value>-5.4355702643766679e-01</value></_></nodes></_>
  <_>
    <nodes>
      <_>
        <depth>0</depth>
        <value>2.0151933541849562e-02</value>
        <splits>
          <_><var>17</var>
            <quality>2.6331154629588127e-02</quality>
            <le>-4.2000832763733342e-05</le></_></splits></_>
      <_>
