<?xml version="1.0"?>
<opencv_storage>
<format>3</format>
<is_classifier>1</is_classifier>
<var_all>81</var_all>
<var_count>80</var_count>
<ord_var_count>80</ord_var_count>
<cat_var_count>1</cat_var_count>
<training_params>
  <boosting_type>RealAdaboost</boosting_type>
  <use_surrogates>0</use_surrogates>
  <max_categories>10</max_categories>
  <regression_accuracy>9.9999997764825821e-03</regression_accuracy>
  <max_depth>1</max_depth>
  <min_sample_count>10</min_sample_count>
  <cross_validation_folds>0</cross_validation_folds>
  <priors type_id="opencv-matrix">
    <rows>2</rows>
    <cols>1</cols>
    <dt>d</dt>
    <data>
      1.4960000000006065e+04 3906.</data></priors>
  <weight_trimming_rate>9.4999999999999996e-01</weight_trimming_rate></training_params>
<global_var_idx>1</global_var_idx>
<var_idx>
  0 1 2 3 4 5 6 7 8 9 10 11 12 13 14 15 16 17 18 19 20 21 22 23 24 25 26
  27 28 29 30 31 32 33 34 35 36 37 38 39 40 41 42 43 44 45 46 47 48 49
  50 51 52 53 54 55 56 57 58 59 60 61 62 63 64 65 66 67 68 69 70 71 72
  73 74 75 76 77 78 79</var_idx>
<var_type>
  0 0 0 0 0 0 0 0 0 0 0 0 0 0 0 0 0 0 0 0 0 0 0 0 0 0 0 0 0 0 0 0 0 0 0
  0 0 0 0 0 0 0 0 0 0 0 0 0 0 0 0 0 0 0 0 0 0 0 0 0 0 0 0 0 0 0 0 0 0 0
  0 0 0 0 0 0 0 0 0 0 1</var_type>
<cat_ofs>
  0 0 0 0 0 0 0 0 0 0 0 0 0 0 0 0 0 0 0 0 0 0 0 0 0 0 0 0 0 0 0 0 0 0 0
  0 0 0 0 0 0 0 0 0 0 0 0 0 0 0 0 0 0 0 0 0 0 0 0 0 0 0 0 0 0 0 0 0 0 0
  0 0 0 0 0 0 0 0 0 0 0 0 0 0 0 0 0 0 0 0 0 0 0 0 0 0 0 0 0 0 0 0 0 0 0
  0 0 0 0 0 0 0 0 0 0 0 0 0 0 0 0 0 0 0 0 0 0 0 0 0 0 0 0 0 0 0 0 0 0 0
  0 0 0 0 0 0 0 0 0 0 0 0 0 0 0 0 0 0 0 0</cat_ofs>
<class_labels>
  -1 1</class_labels>
<missing_subst>
  0. 0. 0. 0. 0. 0. 0. 0. 0. 0. 0. 0. 0. 0. 0. 0. 0. 0. 0. 0. 0. 0. 0.
  0. 0. 0. 0. 0. 0. 0. 0. 0. 0. 0. 0. 0. 0. 0. 0. 0. 0. 0. 0. 0. 0. 0.
  0. 0. 0. 0. 0. 0. 0. 0. 0. 0. 0. 0. 0. 0. 0. 0. 0. 0. 0. 0. 0. 0. 0.
  0. 0. 0. 0. 0. 0. 0. 0. 0. 0. 0. 0.</missing_subst>
<ntrees>200</ntrees>
<trees>
  <_>
    <nodes>
      <_>
        <depth>0</depth>
        <value>-1.3428661400916171e+00</value>
        <splits>
          <_><var>23</var>
            <quality>7.6295292377471924e-01</quality>
            <le>1.9096620082855225e+00</le></_></splits></_>
      <_>
        <depth>1</depth>
        <value>-1.4173362602716439e+00</value></_>
      <_>
        <depth>1</depth>
        <value>-9.8659137092967775e-01</value></_></nodes></_>
  <_>
    <nodes>
      <_>
        <depth>0</depth>
        <value>-2.4127278924015571e-08</value>
        <splits>
          <_><var>42</var>
            <quality>2.7837971225380898e-02</quality>
            <le>1.8563950061798096e+00</le></_></splits></_>
      <_>
        <depth>1</depth>
        <value>-9.0129712871872131e-02</value></_>
      <_>
        <depth>1</depth>
        <value>3.2021530345937227e-01</value></_></nodes></_>
  <_>
    <nodes>
      <_>
        <depth>0</depth>
        <value>-4.0971333160832305e-09</value>
        <splits>
          <_><var>66</var>
            <quality>2.4235669523477554e-02</quality>
            <le>1.5422524213790894e+00</le></_></splits></_>
      <_>
        <depth>1</depth>
        <value>-8.3622588644655285e-02</value></_>
      <_>
        <depth>1</depth>
        <value>2.9910930491416415e-01</value></_></nodes></_>
  <_>
    <nodes>
      <_>
        <depth>0</depth>
        <value>-2.4732710330332713e-10</value>
        <splits>
          <_><var>79</var>
            <quality>1.8089739605784416e-02</quality>
            <le>1.8558046817779541e+00</le></_></splits></_>
      <_>
        <depth>1</depth>
        <value>6.5515010121333539e-02</value></_>
      <_>
        <depth>1</depth>
        <value>-2.8390014466762231e-01</value></_></nodes></_>
  <_>
    <nodes>
      <_>
        <depth>0</depth>
        <value>2.8355385657791169e-02</value>
        <splits>
          <_><var>6</var>
            <quality>1.7661428079009056e-02</quality>
            <le>3.5469565391540527e+00</le></_></splits></_>
      <_>
        <depth>1</depth>
        <value>-3.3771091366418093e-02</value></_>
      <_>
        <depth>1</depth>
        <value>3.1816351634542167e-01</value></_></nodes></_>
  <_>
    <nodes>
      <_>
        <depth>0</depth>
        <value>-6.3724499139881192e-03</value>
        <splits>
          <_><var>5</var>
            <quality>1.2289914302527905e-02</quality>
            <le>-3.8779087364673615e-02</le></_></splits></_>
      <_>
        <depth>1</depth>
        <value>5.1392252469890792e-02</value></_>
      <_>
        <depth>1</depth>
        <value>-2.2732911449544330e-01</value></_></nodes></_>
  <_>
    <nodes>
      <_>
        <depth>0</depth>
        <value>2.6137920806991080e-02</value>
        <splits>
          <_><var>33</var>
            <quality>9.3936035409569740e-03</quality>
            <le>5.4108071327209473e+00</le></_></splits></_>
      <_>
        <depth>1</depth>
        <value>-1.9776644435864955e-02</value></_>
      <_>
        <depth>1</depth>
        <value>2.2986228587162796e-01</value></_></nodes></_>
  <_>
    <nodes>
      <_>
        <depth>0</depth>
        <value>1.7013350006630547e-03</value>
        <splits>
          <_><var>79</var>
            <quality>7.1091409772634506e-03</quality>
            <le>6.3817090988159180e+00</le></_></splits></_>
      <_>
        <depth>1</depth>
        <value>-3.0205770668821470e-02</value></_>
      <_>
        <depth>1</depth>
        <value>2.4066922447748201e-01</value></_></nodes></_>
  <_>
    <nodes>
      <_>
        <depth>0</depth>
        <value>-8.9626357946219672e-03</value>
        <splits>
          <_><var>11</var>
            <quality>4.7917333431541920e-03</quality>
            <le>1.0697574615478516e+01</le></_></splits></_>
      <_>
        <depth>1</depth>
        <value>1.7343871591389542e-02</value></_>
      <_>
        <depth>1</depth>
        <value>-1.9980706349074073e-01</value></_></nodes></_>
  <_>
    <nodes>
      <_>
        <depth>0</depth>
        <value>-3.2513599848281822e-03</value>
        <splits>
          <_><var>1</var>
            <quality>5.9467786923050880e-03</quality>
            <le>5.1561965942382813e+00</le></_></splits></_>
      <_>
        <depth>1</depth>
        <value>-3.9635767962278849e-02</value></_>
      <_>
        <depth>1</depth>
        <value>1.6911638245920246e-01</value></_></nodes></_>
  <_>
    <nodes>
      <_>
        <depth>0</depth>
        <value>5.5064880169605106e-03</value>
        <splits>
          <_><var>63</var>
            <quality>4.5346580445766449e-03</quality>
            <le>7.7164201736450195e+00</le></_></splits></_>
      <_>
        <depth>1</depth>
        <value>3.0752465866795368e-02</value></_>
      <_>
        <depth>1</depth>
        <value>-1.8435942623860957e-01</value></_></nodes></_>
  <_>
    <nodes>
      <_>
        <depth>0</depth>
        <value>9.5050739592978664e-04</value>
        <splits>
          <_><var>63</var>
            <quality>4.6888375654816628e-03</quality>
            <le>3.3623947143554688e+01</le></_></splits></_>
      <_>
        <depth>1</depth>
        <value>-1.6476022613811786e-02</value></_>
      <_>
        <depth>1</depth>
        <value>2.9217823365384382e-01</value></_></nodes></_>
  <_>
    <nodes>
      <_>
        <depth>0</depth>
        <value>-1.0540428435925628e-02</value>
        <splits>
          <_><var>79</var>
            <quality>4.8382347449660301e-03</quality>
            <le>5.3719663619995117e+00</le></_></splits></_>
      <_>
        <depth>1</depth>
        <value>1.8438996439007874e-02</value></_>
      <_>
        <depth>1</depth>
        <value>-1.8327673247667042e-01</value></_></nodes></_>
  <_>
    <nodes>
      <_>
        <depth>0</depth>
