<?xml version="1.0"?>
<opencv_storage>
<format>3</format>
<is_classifier>1</is_classifier>
<var_all>81</var_all>
<var_count>80</var_count>
<ord_var_count>80</ord_var_count>
<cat_var_count>1</cat_var_count>
<training_params>
  <boosting_type>RealAdaboost</boosting_type>
  <use_surrogates>0</use_surrogates>
  <max_categories>10</max_categories>
  <regression_accuracy>9.9999997764825821e-03</regression_accuracy>
  <max_depth>1</max_depth>
  <min_sample_count>10</min_sample_count>
  <cross_validation_folds>0</cross_validation_folds>
  <priors type_id="opencv-matrix">
    <rows>2</rows>
    <cols>1</cols>
    <dt>d</dt>
    <data>
      6.5832165637000092e+10 5.4241445145035159e-315</data></priors>
  <weight_trimming_rate>9.4999999999999996e-01</weight_trimming_rate></training_params>
<global_var_idx>1</global_var_idx>
<var_idx>
  0 1 2 3 4 5 6 7 8 9 10 11 12 13 14 15 16 17 18 19 20 21 22 23 24 25 26
  27 28 29 30 31 32 33 34 35 36 37 38 39 40 41 42 43 44 45 46 47 48 49
  50 51 52 53 54 55 56 57 58 59 60 61 62 63 64 65 66 67 68 69 70 71 72
  73 74 75 76 77 78 79</var_idx>
<var_type>
  0 0 0 0 0 0 0 0 0 0 0 0 0 0 0 0 0 0 0 0 0 0 0 0 0 0 0 0 0 0 0 0 0 0 0
  0 0 0 0 0 0 0 0 0 0 0 0 0 0 0 0 0 0 0 0 0 0 0 0 0 0 0 0 0 0 0 0 0 0 0
  0 0 0 0 0 0 0 0 0 0 1</var_type>
<cat_ofs>
  0 0 0 0 0 0 0 0 0 0 0 0 0 0 0 0 0 0 0 0 0 0 0 0 0 0 0 0 0 0 0 0 0 0 0
  0 0 0 0 0 0 0 0 0 0 0 0 0 0 0 0 0 0 0 0 0 0 0 0 0 0 0 0 0 0 0 0 0 0 0
  0 0 0 0 0 0 0 0 0 0 0 0 0 0 0 0 0 0 0 0 0 0 0 0 0 0 0 0 0 0 0 0 0 0 0
  0 0 0 0 0 0 0 0 0 0 0 0 0 0 0 0 0 0 0 0 0 0 0 0 0 0 0 0 0 0 0 0 0 0 0
  0 0 0 0 0 0 0 0 0 0 0 0 0 0 0 0 0 0 0 0</cat_ofs>
<class_labels>
  -1 1</class_labels>
<missing_subst>
  0. 0. 0. 0. 0. 0. 0. 0. 0. 0. 0. 0. 0. 0. 0. 0. 0. 0. 0. 0. 0. 0. 0.
  0. 0. 0. 0. 0. 0. 0. 0. 0. 0. 0. 0. 0. 0. 0. 0. 0. 0. 0. 0. 0. 0. 0.
  0. 0. 0. 0. 0. 0. 0. 0. 0. 0. 0. 0. 0. 0. 0. 0. 0. 0. 0. 0. 0. 0. 0.
  0. 0. 0. 0. 0. 0. 0. 0. 0. 0. 0. 0.</missing_subst>
<ntrees>200</ntrees>
<trees>
  <_>
    <nodes>
      <_>
        <depth>0</depth>
        <value>-1.3428661400916171e+00</value>
        <splits>
          <_><var>52</var>
            <quality>7.6312100887298584e-01</quality>
            <le>1.5852169990539551e+01</le></_></splits></_>
      <_>
        <depth>1</depth>
        <value>-1.3870058535514511e+00</value></_>
      <_>
        <depth>1</depth>
        <value>-8.0068034014248146e-01</value></_></nodes></_>
  <_>
    <nodes>
      <_>
        <depth>0</depth>
        <value>-4.4214984186025896e-08</value>
        <splits>
          <_><var>65</var>
            <quality>5.5320363491773605e-02</quality>
            <le>-2.5002558231353760e+00</le></_></splits></_>
      <_>
        <depth>1</depth>
        <value>6.7127393780530828e-02</value></_>
      <_>
        <depth>1</depth>
        <value>-1.1733623728579960e+00</value></_></nodes></_>
  <_>
    <nodes>
      <_>
        <depth>0</depth>
        <value>2.2466057616146139e-02</value>
        <splits>
          <_><var>44</var>
            <quality>4.0141653269529343e-02</quality>
            <le>-1.6116983890533447e+00</le></_></splits></_>
      <_>
        <depth>1</depth>
        <value>6.5456754387138896e-02</value></_>
      <_>
        <depth>1</depth>
        <value>-1.6053648223163393e+00</value></_></nodes></_>
  <_>
    <nodes>
      <_>
        <depth>0</depth>
        <value>8.7064132342111345e-03</value>
        <splits>
          <_><var>74</var>
            <quality>3.4712754189968109e-02</quality>
            <le>-7.0818990468978882e-01</le></_></splits></_>
      <_>
        <depth>1</depth>
        <value>5.2113716960926280e-02</value></_>
      <_>
        <depth>1</depth>
        <value>-1.1404486601246855e+00</value></_></nodes></_>
  <_>
    <nodes>
      <_>
        <depth>0</depth>
        <value>1.5067173056703201e-02</value>
        <splits>
          <_><var>1</var>
            <quality>2.3716380819678307e-02</quality>
            <le>2.4592937469482422e+01</le></_></splits></_>
      <_>
        <depth>1</depth>
        <value>4.5344007198702352e-02</value></_>
      <_>
        <depth>1</depth>
        <value>-1.0908830284326896e+00</value></_></nodes></_>
  <_>
    <nodes>
      <_>
        <depth>0</depth>
        <value>1.0681636077221621e-02</value>
        <splits>
          <_><var>20</var>
            <quality>2.3712253198027611e-02</quality>
            <le>-2.0153660774230957e+00</le></_></splits></_>
      <_>
        <depth>1</depth>
        <value>4.3416988388862605e-02</value></_>
      <_>
        <depth>1</depth>
        <value>-9.7030876386796627e-01</value></_></nodes></_>
  <_>
    <nodes>
      <_>
        <depth>0</depth>
        <value>-8.2267274179986100e-04</value>
        <splits>
          <_><var>65</var>
            <quality>2.2463621571660042e-02</quality>
            <le>-1.2143812179565430e+00</le></_></splits></_>
      <_>
        <depth>1</depth>
        <value>-2.5236530978740165e-02</value></_>
      <_>
        <depth>1</depth>
        <value>2.0581449879123905e+00</value></_></nodes></_>
  <_>
    <nodes>
      <_>
        <depth>0</depth>
        <value>-1.1505729452455984e-01</value>
        <splits>
          <_><var>65</var>
            <quality>1.1697924882173538e-01</quality>
            <le>-2.2430808544158936e+00</le></_></splits></_>
      <_>
        <depth>1</depth>
        <value>1.4963031976741280e-02</value></_>
      <_>
        <depth>1</depth>
        <value>-1.9995731356040347e+00</value></_></nodes></_>
  <_>
    <nodes>
      <_>
        <depth>0</depth>
        <value>-3.0665518644089882e-03</value>
        <splits>
          <_><var>71</var>
            <quality>2.1320551633834839e-02</quality>
            <le>6.1671762466430664e+00</le></_></splits></_>
      <_>
        <depth>1</depth>
        <value>3.0752968614384275e-02</value></_>
      <_>
        <depth>1</depth>
        <value>-7.9278234398233272e-01</value></_></nodes></_>
  <_>
    <nodes>
      <_>
        <depth>0</depth>
        <value>1.1073658562385645e-02</value>
        <splits>
          <_><var>65</var>
            <quality>2.0789375528693199e-02</quality>
            <le>-1.2143812179565430e+00</le></_></splits></_>
      <_>
        <depth>1</depth>
        <value>-1.1732562373900135e-02</value></_>
      <_>
        <depth>1</depth>
        <value>2.0143814876946204e+00</value></_></nodes></_>
  <_>
    <nodes>
      <_>
        <depth>0</depth>
        <value>-1.2106234801403543e-01</value>
        <splits>
          <_><var>65</var>
            <quality>1.2141142785549164e-01</quality>
            <le>-2.2430808544158936e+00</le></_></splits></_>
      <_>
        <depth>1</depth>
        <value>1.3031686308000587e-02</value></_>
      <_>
        <depth>1</depth>
        <value>-1.9468427870230438e+00</value></_></nodes></_>
  <_>
    <nodes>
      <_>
        <depth>0</depth>
        <value>-8.4350741389378706e-03</value>
        <splits>
          <_><var>31</var>
            <quality>1.8882470205426216e-02</quality>
            <le>1.7054489135742188e+01</le></_></splits></_>
      <_>
        <depth>1</depth>
        <value>1.5722975185123837e-02</value></_>
      <_>
        <depth>1</depth>
        <value>-1.1435618143530291e+00</value></_></nodes></_>
  <_>
    <nodes>
      <_>
        <depth>0</depth>
        <value>8.3108442330555952e-03</value>
        <splits>
          <_><var>47</var>
            <quality>1.7132764682173729e-02</quality>
            <le>8.8325233459472656e+00</le></_></splits></_>
      <_>
        <depth>1</depth>
        <value>3.7034053361783968e-02</value></_>
      <_>
        <depth>1</depth>
        <value>-7.1202294628802476e-01</value></_></nodes></_>
  <_>
    <nodes>
      <_>
