<?xml version="1.0"?>
<opencv_storage>
<format>3</format>
<is_classifier>1</is_classifier>
<var_all>81</var_all>
<var_count>80</var_count>
<ord_var_count>80</ord_var_count>
<cat_var_count>1</cat_var_count>
<training_params>
  <boosting_type>RealAdaboost</boosting_type>
  <use_surrogates>0</use_surrogates>
  <max_categories>10</max_categories>
  <regression_accuracy>9.9999997764825821e-03</regression_accuracy>
  <max_depth>1</max_depth>
  <min_sample_count>10</min_sample_count>
  <cross_validation_folds>0</cross_validation_folds>
  <priors type_id="opencv-matrix">
    <rows>2</rows>
    <cols>1</cols>
    <dt>d</dt>
    <data>
      1.4960000000002379e+04 3906.</data></priors>
  <weight_trimming_rate>9.4999999999999996e-01</weight_trimming_rate></training_params>
<global_var_idx>1</global_var_idx>
<var_idx>
  0 1 2 3 4 5 6 7 8 9 10 11 12 13 14 15 16 17 18 19 20 21 22 23 24 25 26
  27 28 29 30 31 32 33 34 35 36 37 38 39 40 41 42 43 44 45 46 47 48 49
  50 51 52 53 54 55 56 57 58 59 60 61 62 63 64 65 66 67 68 69 70 71 72
  73 74 75 76 77 78 79</var_idx>
<var_type>
  0 0 0 0 0 0 0 0 0 0 0 0 0 0 0 0 0 0 0 0 0 0 0 0 0 0 0 0 0 0 0 0 0 0 0
  0 0 0 0 0 0 0 0 0 0 0 0 0 0 0 0 0 0 0 0 0 0 0 0 0 0 0 0 0 0 0 0 0 0 0
  0 0 0 0 0 0 0 0 0 0 1</var_type>
<cat_ofs>
  0 0 0 0 0 0 0 0 0 0 0 0 0 0 0 0 0 0 0 0 0 0 0 0 0 0 0 0 0 0 0 0 0 0 0
  0 0 0 0 0 0 0 0 0 0 0 0 0 0 0 0 0 0 0 0 0 0 0 0 0 0 0 0 0 0 0 0 0 0 0
  0 0 0 0 0 0 0 0 0 0 0 0 0 0 0 0 0 0 0 0 0 0 0 0 0 0 0 0 0 0 0 0 0 0 0
  0 0 0 0 0 0 0 0 0 0 0 0 0 0 0 0 0 0 0 0 0 0 0 0 0 0 0 0 0 0 0 0 0 0 0
  0 0 0 0 0 0 0 0 0 0 0 0 0 0 0 0 0 0 0 0</cat_ofs>
<class_labels>
  -1 1</class_labels>
<missing_subst>
  0. 0. 0. 0. 0. 0. 0. 0. 0. 0. 0. 0. 0. 0. 0. 0. 0. 0. 0. 0. 0. 0. 0.
  0. 0. 0. 0. 0. 0. 0. 0. 0. 0. 0. 0. 0. 0. 0. 0. 0. 0. 0. 0. 0. 0. 0.
  0. 0. 0. 0. 0. 0. 0. 0. 0. 0. 0. 0. 0. 0. 0. 0. 0. 0. 0. 0. 0. 0. 0.
  0. 0. 0. 0. 0. 0. 0. 0. 0. 0. 0. 0.</missing_subst>
<ntrees>200</ntrees>
<trees>
  <_>
    <nodes>
      <_>
        <depth>0</depth>
        <value>-1.3428661400916171e+00</value>
        <splits>
          <_><var>72</var>
            <quality>7.6213032007217407e-01</quality>
            <le>6.5808153152465820e+00</le></_></splits></_>
      <_>
        <depth>1</depth>
        <value>-1.3747036961366468e+00</value></_>
      <_>
        <depth>1</depth>
        <value>-9.0972179586402591e-01</value></_></nodes></_>
  <_>
    <nodes>
      <_>
        <depth>0</depth>
        <value>-4.7349758357977014e-08</value>
        <splits>
          <_><var>40</var>
            <quality>2.1408027037978172e-02</quality>
            <le>2.1428885459899902e+00</le></_></splits></_>
      <_>
        <depth>1</depth>
        <value>2.5400938030170867e-02</value></_>
      <_>
        <depth>1</depth>
        <value>-1.2313979368426651e+00</value></_></nodes></_>
  <_>
    <nodes>
      <_>
        <depth>0</depth>
        <value>8.0405077564099647e-03</value>
        <splits>
          <_><var>18</var>
            <quality>1.5890933573246002e-02</quality>
            <le>-2.3373234272003174e-01</le></_></splits></_>
      <_>
        <depth>1</depth>
        <value>3.0602696713434782e-02</value></_>
      <_>
        <depth>1</depth>
        <value>-8.6606301293476995e-01</value></_></nodes></_>
  <_>
    <nodes>
      <_>
        <depth>0</depth>
        <value>1.1270953787095124e-02</value>
        <splits>
          <_><var>28</var>
            <quality>1.4728150330483913e-02</quality>
            <le>2.3923219680786133e+01</le></_></splits></_>
      <_>
        <depth>1</depth>
        <value>2.8956924565659653e-02</value></_>
      <_>
        <depth>1</depth>
        <value>-1.1906009511595550e+00</value></_></nodes></_>
  <_>
    <nodes>
      <_>
        <depth>0</depth>
        <value>5.8116339414895374e-03</value>
        <splits>
          <_><var>18</var>
            <quality>1.0878603905439377e-02</quality>
            <le>2.6783361434936523e+00</le></_></splits></_>
      <_>
        <depth>1</depth>
        <value>-5.3665096939970840e-03</value></_>
      <_>
        <depth>1</depth>
        <value>5.7564577324623896e+00</value></_></nodes></_>
  <_>
    <nodes>
      <_>
        <depth>0</depth>
        <value>-1.0635309675461402e+00</value>
        <splits>
          <_><var>18</var>
            <quality>7.8480267524719238e-01</quality>
            <le>1.3921380043029785e-02</le></_></splits></_>
      <_>
        <depth>1</depth>
        <value>8.6254781087923005e-11</value></_>
      <_>
        <depth>1</depth>
        <value>-5.7564577324601141e+00</value></_></nodes></_>
  <_>
    <nodes>
      <_>
        <depth>0</depth>
        <value>1.1118976991585261e-02</value>
        <splits>
          <_><var>18</var>
            <quality>1.0851865634322166e-02</quality>
            <le>2.6783361434936523e+00</le></_></splits></_>
      <_>
        <depth>1</depth>
        <value>6.7279515292279955e-14</value></_>
      <_>
        <depth>1</depth>
        <value>5.7564577324623896e+00</value></_></nodes></_>
  <_>
    <nodes>
      <_>
        <depth>0</depth>
        <value>-1.0635309675945175e+00</value>
        <splits>
          <_><var>18</var>
            <quality>7.8480523824691772e-01</quality>
            <le>1.3921380043029785e-02</le></_></splits></_>
      <_>
        <depth>1</depth>
        <value>-1.1990408665951834e-14</value></_>
      <_>
        <depth>1</depth>
        <value>-5.7564577324601141e+00</value></_></nodes></_>
  <_>
    <nodes>
      <_>
        <depth>0</depth>
        <value>1.1118976991571362e-02</value>
        <splits>
          <_><var>18</var>
            <quality>1.0851865634322166e-02</quality>
            <le>2.6783361434936523e+00</le></_></splits></_>
      <_>
        <depth>1</depth>
        <value>5.2180482157379637e-14</value></_>
      <_>
        <depth>1</depth>
        <value>5.7564577324623896e+00</value></_></nodes></_>
  <_>
    <nodes>
      <_>
        <depth>0</depth>
        <value>-1.0635309675947049e+00</value>
        <splits>
          <_><var>18</var>
            <quality>7.8480523824691772e-01</quality>
            <le>1.3921380043029785e-02</le></_></splits></_>
      <_>
        <depth>1</depth>
        <value>-4.8627768478584223e-14</value></_>
      <_>
        <depth>1</depth>
        <value>-5.7564577324601141e+00</value></_></nodes></_>
  <_>
    <nodes>
      <_>
        <depth>0</depth>
        <value>1.1118976991489601e-02</value>
        <splits>
          <_><var>18</var>
            <quality>1.0851865634322166e-02</quality>
            <le>2.6783361434936523e+00</le></_></splits></_>
      <_>
        <depth>1</depth>
        <value>-2.3037127760972528e-14</value></_>
      <_>
        <depth>1</depth>
        <value>5.7564577324623896e+00</value></_></nodes></_>
  <_>
    <nodes>
      <_>
        <depth>0</depth>
        <value>-1.0635309675944000e+00</value>
        <splits>
          <_><var>18</var>
            <quality>7.8480523824691772e-01</quality>
            <le>1.3921380043029785e-02</le></_></splits></_>
      <_>
        <depth>1</depth>
        <value>-2.4369395390522779e-14</value></_>
      <_>
        <depth>1</depth>
        <value>-5.7564577324601141e+00</value></_></nodes></_>
  <_>
    <nodes>
      <_>
        <depth>0</depth>
        <value>1.1118976991328576e-02</value>
        <splits>
          <_><var>18</var>
            <quality>1.0851865634322166e-02</quality>
            <le>2.6783361434936523e+00</le></_></splits></_>
      <_>
        <depth>1</depth>
        <value>-1.8479662244889146e-13</value></_>
      <_>
        <depth>1</depth>
        <value>5.7564577324623896e+00</value></_></nodes></_>
  <_>
    <nodes>
      <_>
        <depth>0</depth>
