<?xml version="1.0"?>
<opencv_storage>
<format>3</format>
<is_classifier>1</is_classifier>
<var_all>81</var_all>
<var_count>80</var_count>
<ord_var_count>80</ord_var_count>
<cat_var_count>1</cat_var_count>
<training_params>
  <boosting_type>RealAdaboost</boosting_type>
  <use_surrogates>0</use_surrogates>
  <max_categories>10</max_categories>
  <regression_accuracy>9.9999997764825821e-03</regression_accuracy>
  <max_depth>1</max_depth>
  <min_sample_count>10</min_sample_count>
  <cross_validation_folds>0</cross_validation_folds>
  <priors type_id="opencv-matrix">
    <rows>2</rows>
    <cols>1</cols>
    <dt>d</dt>
    <data>
      1.4960000000003052e+04 3906.</data></priors>
  <weight_trimming_rate>9.4999999999999996e-01</weight_trimming_rate></training_params>
<global_var_idx>1</global_var_idx>
<var_idx>
  0 1 2 3 4 5 6 7 8 9 10 11 12 13 14 15 16 17 18 19 20 21 22 23 24 25 26
  27 28 29 30 31 32 33 34 35 36 37 38 39 40 41 42 43 44 45 46 47 48 49
  50 51 52 53 54 55 56 57 58 59 60 61 62 63 64 65 66 67 68 69 70 71 72
  73 74 75 76 77 78 79</var_idx>
<var_type>
  0 0 0 0 0 0 0 0 0 0 0 0 0 0 0 0 0 0 0 0 0 0 0 0 0 0 0 0 0 0 0 0 0 0 0
  0 0 0 0 0 0 0 0 0 0 0 0 0 0 0 0 0 0 0 0 0 0 0 0 0 0 0 0 0 0 0 0 0 0 0
  0 0 0 0 0 0 0 0 0 0 1</var_type>
<cat_ofs>
  0 0 0 0 0 0 0 0 0 0 0 0 0 0 0 0 0 0 0 0 0 0 0 0 0 0 0 0 0 0 0 0 0 0 0
  0 0 0 0 0 0 0 0 0 0 0 0 0 0 0 0 0 0 0 0 0 0 0 0 0 0 0 0 0 0 0 0 0 0 0
  0 0 0 0 0 0 0 0 0 0 0 0 0 0 0 0 0 0 0 0 0 0 0 0 0 0 0 0 0 0 0 0 0 0 0
  0 0 0 0 0 0 0 0 0 0 0 0 0 0 0 0 0 0 0 0 0 0 0 0 0 0 0 0 0 0 0 0 0 0 0
  0 0 0 0 0 0 0 0 0 0 0 0 0 0 0 0 0 0 0 0</cat_ofs>
<class_labels>
  -1 1</class_labels>
<missing_subst>
  0. 0. 0. 0. 0. 0. 0. 0. 0. 0. 0. 0. 0. 0. 0. 0. 0. 0. 0. 0. 0. 0. 0.
  0. 0. 0. 0. 0. 0. 0. 0. 0. 0. 0. 0. 0. 0. 0. 0. 0. 0. 0. 0. 0. 0. 0.
  0. 0. 0. 0. 0. 0. 0. 0. 0. 0. 0. 0. 0. 0. 0. 0. 0. 0. 0. 0. 0. 0. 0.
  0. 0. 0. 0. 0. 0. 0. 0. 0. 0. 0. 0.</missing_subst>
<ntrees>200</ntrees>
<trees>
  <_>
    <nodes>
      <_>
        <depth>0</depth>
        <value>-1.3428661400916171e+00</value>
        <splits>
          <_><var>22</var>
            <quality>7.7604115009307861e-01</quality>
            <le>1.2241329193115234e+01</le></_></splits></_>
      <_>
        <depth>1</depth>
        <value>-1.4338503896281951e+00</value></_>
      <_>
        <depth>1</depth>
        <value>-1.2497188360070695e-01</value></_></nodes></_>
  <_>
    <nodes>
      <_>
        <depth>0</depth>
        <value>1.6852658651017191e-08</value>
        <splits>
          <_><var>48</var>
            <quality>5.4674416780471802e-02</quality>
            <le>5.8988947868347168e+00</le></_></splits></_>
      <_>
        <depth>1</depth>
        <value>-8.1016443020901718e-02</value></_>
      <_>
        <depth>1</depth>
        <value>8.2232169766970487e-01</value></_></nodes></_>
  <_>
    <nodes>
      <_>
        <depth>0</depth>
        <value>-4.7318918281891780e-03</value>
        <splits>
          <_><var>65</var>
            <quality>4.4817518442869186e-02</quality>
            <le>-2.1060626506805420e+00</le></_></splits></_>
      <_>
        <depth>1</depth>
        <value>5.7276748564058746e-02</value></_>
      <_>
        <depth>1</depth>
        <value>-9.3148733228150238e-01</value></_></nodes></_>
  <_>
    <nodes>
      <_>
        <depth>0</depth>
        <value>2.8133893962351324e-02</value>
        <splits>
          <_><var>37</var>
            <quality>2.9329800978302956e-02</quality>
            <le>-2.1096367835998535e+00</le></_></splits></_>
      <_>
        <depth>1</depth>
        <value>7.7064526934352021e-02</value></_>
      <_>
        <depth>1</depth>
        <value>-6.5711134964999218e-01</value></_></nodes></_>
  <_>
    <nodes>
      <_>
        <depth>0</depth>
        <value>-6.5235593996168636e-04</value>
        <splits>
          <_><var>34</var>
            <quality>2.6041528210043907e-02</quality>
            <le>-2.8128373622894287e-01</le></_></splits></_>
      <_>
        <depth>1</depth>
        <value>3.8838951173105651e-02</value></_>
      <_>
        <depth>1</depth>
        <value>-8.3049962285316159e-01</value></_></nodes></_>
  <_>
    <nodes>
      <_>
        <depth>0</depth>
        <value>2.0353906741176625e-02</value>
        <splits>
          <_><var>65</var>
            <quality>2.6450278237462044e-02</quality>
            <le>-9.7050881385803223e-01</le></_></splits></_>
      <_>
        <depth>1</depth>
        <value>-9.6784962063417909e-03</value></_>
      <_>
        <depth>1</depth>
        <value>1.6677222162271859e+00</value></_></nodes></_>
  <_>
    <nodes>
      <_>
        <depth>0</depth>
        <value>-9.6744709540504459e-02</value>
        <splits>
          <_><var>65</var>
            <quality>1.0575772076845169e-01</quality>
            <le>-1.8081154823303223e+00</le></_></splits></_>
      <_>
        <depth>1</depth>
        <value>2.6474575898896388e-02</value></_>
      <_>
        <depth>1</depth>
        <value>-1.6006542732493358e+00</value></_></nodes></_>
  <_>
    <nodes>
      <_>
        <depth>0</depth>
        <value>2.0550388987844162e-03</value>
        <splits>
          <_><var>65</var>
            <quality>2.4923672899603844e-02</quality>
            <le>-1.6820242404937744e+00</le></_></splits></_>
      <_>
        <depth>1</depth>
        <value>-2.6436524854272822e-02</value></_>
      <_>
        <depth>1</depth>
        <value>1.6006542354609028e+00</value></_></nodes></_>
  <_>
    <nodes>
      <_>
        <depth>0</depth>
        <value>-9.6778225486203004e-02</value>
        <splits>
          <_><var>65</var>
            <quality>1.0575652867555618e-01</quality>
            <le>-1.8081154823303223e+00</le></_></splits></_>
      <_>
        <depth>1</depth>
        <value>2.6436523921096407e-02</value></_>
      <_>
        <depth>1</depth>
        <value>-1.6006542732493330e+00</value></_></nodes></_>
  <_>
    <nodes>
      <_>
        <depth>0</depth>
        <value>2.0550388988743069e-03</value>
        <splits>
          <_><var>65</var>
            <quality>2.4923700839281082e-02</quality>
            <le>-1.6820242404937744e+00</le></_></splits></_>
      <_>
        <depth>1</depth>
        <value>-2.6436524854172801e-02</value></_>
      <_>
        <depth>1</depth>
        <value>1.6006542354608764e+00</value></_></nodes></_>
  <_>
    <nodes>
      <_>
        <depth>0</depth>
        <value>-9.6778225486184130e-02</value>
        <splits>
          <_><var>65</var>
            <quality>1.0575663298368454e-01</quality>
            <le>-1.8081154823303223e+00</le></_></splits></_>
      <_>
        <depth>1</depth>
        <value>2.6436523921128840e-02</value></_>
      <_>
        <depth>1</depth>
        <value>-1.6006542732493227e+00</value></_></nodes></_>
  <_>
    <nodes>
      <_>
        <depth>0</depth>
        <value>2.0550388988092938e-03</value>
        <splits>
          <_><var>65</var>
            <quality>2.4923706427216530e-02</quality>
            <le>-1.6820242404937744e+00</le></_></splits></_>
      <_>
        <depth>1</depth>
        <value>-2.6436524854240223e-02</value></_>
      <_>
        <depth>1</depth>
        <value>1.6006542354608837e+00</value></_></nodes></_>
  <_>
    <nodes>
      <_>
        <depth>0</depth>
        <value>-9.6778225486186836e-02</value>
        <splits>
          <_><var>65</var>
            <quality>1.0575665533542633e-01</quality>
            <le>-1.8081154823303223e+00</le></_></splits></_>
      <_>
        <depth>1</depth>
        <value>2.6436523921169280e-02</value></_>
      <_>
        <depth>1</depth>
        <value>-1.6006542732493256e+00</value></_></nodes></_>
  <_>
    <nodes>
      <_>
