<?xml version="1.0"?>
<opencv_storage>
<format>3</format>
<is_classifier>1</is_classifier>
<var_all>81</var_all>
<var_count>80</var_count>
<ord_var_count>80</ord_var_count>
<cat_var_count>1</cat_var_count>
<training_params>
  <boosting_type>RealAdaboost</boosting_type>
  <use_surrogates>0</use_surrogates>
  <max_categories>10</max_categories>
  <regression_accuracy>9.9999997764825821e-03</regression_accuracy>
  <max_depth>1</max_depth>
  <min_sample_count>10</min_sample_count>
  <cross_validation_folds>0</cross_validation_folds>
  <priors type_id="opencv-matrix">
    <rows>2</rows>
    <cols>1</cols>
    <dt>d</dt>
    <data>
      1.4960000000006974e+04 3906.</data></priors>
  <weight_trimming_rate>9.4999999999999996e-01</weight_trimming_rate></training_params>
<global_var_idx>1</global_var_idx>
<var_idx>
  0 1 2 3 4 5 6 7 8 9 10 11 12 13 14 15 16 17 18 19 20 21 22 23 24 25 26
  27 28 29 30 31 32 33 34 35 36 37 38 39 40 41 42 43 44 45 46 47 48 49
  50 51 52 53 54 55 56 57 58 59 60 61 62 63 64 65 66 67 68 69 70 71 72
  73 74 75 76 77 78 79</var_idx>
<var_type>
  0 0 0 0 0 0 0 0 0 0 0 0 0 0 0 0 0 0 0 0 0 0 0 0 0 0 0 0 0 0 0 0 0 0 0
  0 0 0 0 0 0 0 0 0 0 0 0 0 0 0 0 0 0 0 0 0 0 0 0 0 0 0 0 0 0 0 0 0 0 0
  0 0 0 0 0 0 0 0 0 0 1</var_type>
<cat_ofs>
  0 0 0 0 0 0 0 0 0 0 0 0 0 0 0 0 0 0 0 0 0 0 0 0 0 0 0 0 0 0 0 0 0 0 0
  0 0 0 0 0 0 0 0 0 0 0 0 0 0 0 0 0 0 0 0 0 0 0 0 0 0 0 0 0 0 0 0 0 0 0
  0 0 0 0 0 0 0 0 0 0 0 0 0 0 0 0 0 0 0 0 0 0 0 0 0 0 0 0 0 0 0 0 0 0 0
  0 0 0 0 0 0 0 0 0 0 0 0 0 0 0 0 0 0 0 0 0 0 0 0 0 0 0 0 0 0 0 0 0 0 0
  0 0 0 0 0 0 0 0 0 0 0 0 0 0 0 0 0 0 0 0</cat_ofs>
<class_labels>
  -1 1</class_labels>
<missing_subst>
  0. 0. 0. 0. 0. 0. 0. 0. 0. 0. 0. 0. 0. 0. 0. 0. 0. 0. 0. 0. 0. 0. 0.
  0. 0. 0. 0. 0. 0. 0. 0. 0. 0. 0. 0. 0. 0. 0. 0. 0. 0. 0. 0. 0. 0. 0.
  0. 0. 0. 0. 0. 0. 0. 0. 0. 0. 0. 0. 0. 0. 0. 0. 0. 0. 0. 0. 0. 0. 0.
  0. 0. 0. 0. 0. 0. 0. 0. 0. 0. 0. 0.</missing_subst>
<ntrees>200</ntrees>
<trees>
  <_>
    <nodes>
      <_>
        <depth>0</depth>
        <value>-1.3428661400916171e+00</value>
        <splits>
          <_><var>61</var>
            <quality>7.6350384950637817e-01</quality>
            <le>4.3362665176391602e+00</le></_></splits></_>
      <_>
        <depth>1</depth>
        <value>-1.4623623068200819e+00</value></_>
      <_>
        <depth>1</depth>
        <value>-1.0340325804087698e+00</value></_></nodes></_>
  <_>
    <nodes>
      <_>
        <depth>0</depth>
        <value>-1.1805229655523145e-08</value>
        <splits>
          <_><var>26</var>
            <quality>3.0823415145277977e-02</quality>
            <le>4.9536495208740234e+00</le></_></splits></_>
      <_>
        <depth>1</depth>
        <value>-9.9782833987073632e-02</value></_>
      <_>
        <depth>1</depth>
        <value>3.2046747193865283e-01</value></_></nodes></_>
  <_>
    <nodes>
      <_>
        <depth>0</depth>
        <value>-1.5786119103518105e-09</value>
        <splits>
          <_><var>67</var>
            <quality>2.5691565126180649e-02</quality>
            <le>1.0483263015747070e+01</le></_></splits></_>
      <_>
        <depth>1</depth>
        <value>-8.2222496035216058e-02</value></_>
      <_>
        <depth>1</depth>
        <value>3.2405379480006846e-01</value></_></nodes></_>
  <_>
    <nodes>
      <_>
        <depth>0</depth>
        <value>2.4658941494538086e-09</value>
        <splits>
          <_><var>32</var>
            <quality>2.0291887223720551e-02</quality>
            <le>7.5077023506164551e+00</le></_></splits></_>
      <_>
        <depth>1</depth>
        <value>6.2638495479302128e-02</value></_>
      <_>
        <depth>1</depth>
        <value>-3.3652989396808819e-01</value></_></nodes></_>
  <_>
    <nodes>
      <_>
        <depth>0</depth>
        <value>3.5484551678792171e-02</value>
        <splits>
          <_><var>73</var>
            <quality>2.0078478381037712e-02</quality>
            <le>1.5515186309814453e+01</le></_></splits></_>
      <_>
        <depth>1</depth>
        <value>-2.7123712616413474e-02</value></_>
      <_>
        <depth>1</depth>
        <value>3.6266300934879142e-01</value></_></nodes></_>
  <_>
    <nodes>
      <_>
        <depth>0</depth>
        <value>8.3397200187189761e-10</value>
        <splits>
          <_><var>0</var>
            <quality>1.3629195280373096e-02</quality>
            <le>3.8097238540649414e+00</le></_></splits></_>
      <_>
        <depth>1</depth>
        <value>5.7371972229333358e-02</value></_>
      <_>
        <depth>1</depth>
        <value>-2.5178186072703157e-01</value></_></nodes></_>
  <_>
    <nodes>
      <_>
        <depth>0</depth>
        <value>-4.6016006138839003e-03</value>
        <splits>
          <_><var>40</var>
            <quality>1.4131522737443447e-02</quality>
            <le>-3.1446456909179688e+00</le></_></splits></_>
      <_>
        <depth>1</depth>
        <value>-9.5215595598616656e-02</value></_>
      <_>
        <depth>1</depth>
        <value>1.5794327919555695e-01</value></_></nodes></_>
  <_>
    <nodes>
      <_>
        <depth>0</depth>
        <value>1.5458092548327199e-02</value>
        <splits>
          <_><var>27</var>
            <quality>1.1226991191506386e-02</quality>
            <le>-1.3134124755859375e+01</le></_></splits></_>
      <_>
        <depth>1</depth>
        <value>9.8743154314851214e-02</value></_>
      <_>
        <depth>1</depth>
        <value>-1.2404534912580392e-01</value></_></nodes></_>
  <_>
    <nodes>
      <_>
        <depth>0</depth>
        <value>5.3339611793564497e-03</value>
        <splits>
          <_><var>74</var>
            <quality>1.1355081573128700e-02</quality>
            <le>6.4165906906127930e+00</le></_></splits></_>
      <_>
        <depth>1</depth>
        <value>-5.2652941738266686e-02</value></_>
      <_>
        <depth>1</depth>
        <value>2.1425170906353824e-01</value></_></nodes></_>
  <_>
    <nodes>
      <_>
        <depth>0</depth>
        <value>-5.2440203001829395e-03</value>
        <splits>
          <_><var>22</var>
            <quality>9.5966812223196030e-03</quality>
            <le>9.6626882553100586e+00</le></_></splits></_>
      <_>
        <depth>1</depth>
        <value>-5.3401022785074338e-02</value></_>
      <_>
        <depth>1</depth>
        <value>2.0589121303013203e-01</value></_></nodes></_>
  <_>
    <nodes>
      <_>
        <depth>0</depth>
        <value>-5.0069151791594258e-03</value>
        <splits>
          <_><var>58</var>
            <quality>9.2118205502629280e-03</quality>
            <le>5.1735389709472656e+01</le></_></splits></_>
      <_>
        <depth>1</depth>
        <value>-2.4757052126385910e-02</value></_>
      <_>
        <depth>1</depth>
        <value>5.2235077670355068e-01</value></_></nodes></_>
  <_>
    <nodes>
      <_>
        <depth>0</depth>
        <value>-4.9133861126839443e-04</value>
        <splits>
          <_><var>49</var>
            <quality>8.2924449816346169e-03</quality>
            <le>1.0324161529541016e+01</le></_></splits></_>
      <_>
        <depth>1</depth>
        <value>-4.7481883122582835e-02</value></_>
      <_>
        <depth>1</depth>
        <value>1.8529971857769609e-01</value></_></nodes></_>
  <_>
    <nodes>
      <_>
        <depth>0</depth>
        <value>1.1636431262021537e-02</value>
        <splits>
          <_><var>8</var>
            <quality>6.2142666429281235e-03</quality>
            <le>2.4360774993896484e+01</le></_></splits></_>
      <_>
        <depth>1</depth>
        <value>-1.5925018382411723e-02</value></_>
      <_>
        <depth>1</depth>
        <value>2.4910065142463630e-01</value></_></nodes></_>
  <_>
    <nodes>
      <_>
        <depth>0</depth>
