<?xml version="1.0"?>
<opencv_storage>
<format>3</format>
<is_classifier>1</is_classifier>
<var_all>106</var_all>
<var_count>105</var_count>
<ord_var_count>105</ord_var_count>
<cat_var_count>1</cat_var_count>
<training_params>
  <boosting_type>RealAdaboost</boosting_type>
  <use_surrogates>0</use_surrogates>
  <max_categories>10</max_categories>
  <regression_accuracy>9.9999997764825821e-03</regression_accuracy>
  <max_depth>1</max_depth>
  <min_sample_count>10</min_sample_count>
  <cross_validation_folds>0</cross_validation_folds>
  <priors type_id="opencv-matrix">
    <rows>2</rows>
    <cols>1</cols>
    <dt>d</dt>
    <data>
      1.4960000000000011e+04 3906.</data></priors>
  <weight_trimming_rate>9.4999999999999996e-01</weight_trimming_rate></training_params>
<global_var_idx>1</global_var_idx>
<var_idx>
  0 1 2 3 4 5 6 7 8 9 10 11 12 13 14 15 16 17 18 19 20 21 22 23 24 25 26
  27 28 29 30 31 32 33 34 35 36 37 38 39 40 41 42 43 44 45 46 47 48 49
  50 51 52 53 54 55 56 57 58 59 60 61 62 63 64 65 66 67 68 69 70 71 72
  73 74 75 76 77 78 79 80 81 82 83 84 85 86 87 88 89 90 91 92 93 94 95
  96 97 98 99 100 101 102 103 104</var_idx>
<var_type>
  0 0 0 0 0 0 0 0 0 0 0 0 0 0 0 0 0 0 0 0 0 0 0 0 0 0 0 0 0 0 0 0 0 0 0
  0 0 0 0 0 0 0 0 0 0 0 0 0 0 0 0 0 0 0 0 0 0 0 0 0 0 0 0 0 0 0 0 0 0 0
  0 0 0 0 0 0 0 0 0 0 0 0 0 0 0 0 0 0 0 0 0 0 0 0 0 0 0 0 0 0 0 0 0 0 0
  1</var_type>
<cat_ofs>
  0 0 0 0 0 0 0 0 0 0 0 0 0 0 0 0 0 0 0 0 0 0 0 0 0 0 0 0 0 0 0 0 0 0 0
  0 0 0 0 0 0 0 0 0 0 0 0 0 0 0 0 0 0 0 0 0 0 0 0 0 0 0 0 0 0 0 0 0 0 0
  0 0 0 0 0 0 0 0 0 0 0 0 0 0 0 0 0 0 0 0 0 0 0 0 0 0 0 0 0 0 0 0 0 0 0
  0 0 0 0 0 0 0 0 0 0 0 0 0 0 0 0 0 0 0 0 0 0 0 0 0 0 0 0 0 0 0 0 0 0 0
  0 0 0 0 0 0 0 0 0 0 0 0 0 0 0 0 0 0 0 0 0 0 0 0 0 0 0 0 0 0 0 0 0 0 0
  0 0 0 0 0 0 0 0 0 0 0 0 0 0 0 0 0 0 0 0 0 0 0 0 0 0 0 0 0 0 0 0 0 0 0</cat_ofs>
<class_labels>
  -1 1</class_labels>
<missing_subst>
  0. 0. 0. 0. 0. 0. 0. 0. 0. 0. 0. 0. 0. 0. 0. 0. 0. 0. 0. 0. 0. 0. 0.
  0. 0. 0. 0. 0. 0. 0. 0. 0. 0. 0. 0. 0. 0. 0. 0. 0. 0. 0. 0. 0. 0. 0.
  0. 0. 0. 0. 0. 0. 0. 0. 0. 0. 0. 0. 0. 0. 0. 0. 0. 0. 0. 0. 0. 0. 0.
  0. 0. 0. 0. 0. 0. 0. 0. 0. 0. 0. 0. 0. 0. 0. 0. 0. 0. 0. 0. 0. 0. 0.
  0. 0. 0. 0. 0. 0. 0. 0. 0. 0. 0. 0. 0. 0.</missing_subst>
<ntrees>200</ntrees>
<trees>
  <_>
    <nodes>
      <_>
        <depth>0</depth>
        <value>-1.3428661400916171e+00</value>
        <splits>
          <_><var>17</var>
            <quality>7.7005779743194580e-01</quality>
            <le>-1.2211618423461914e+00</le></_></splits></_>
      <_>
        <depth>1</depth>
        <value>-2.1183437749051115e+00</value></_>
      <_>
        <depth>1</depth>
        <value>-1.0481840366765023e+00</value></_></nodes></_>
  <_>
    <nodes>
      <_>
        <depth>0</depth>
        <value>1.4689078182308961e-08</value>
        <splits>
          <_><var>99</var>
            <quality>1.6488891839981079e-01</quality>
            <le>-2.6085891723632813e+00</le></_></splits></_>
      <_>
        <depth>1</depth>
        <value>-1.0280374907229735e+00</value></_>
      <_>
        <depth>1</depth>
        <value>2.1660228638596987e-01</value></_></nodes></_>
  <_>
    <nodes>
      <_>
        <depth>0</depth>
        <value>2.0575702485042775e-02</value>
        <splits>
          <_><var>45</var>
            <quality>9.0182870626449585e-02</quality>
            <le>-2.5273923873901367e+00</le></_></splits></_>
      <_>
        <depth>1</depth>
        <value>-6.6228953528762224e-01</value></_>
      <_>
        <depth>1</depth>
        <value>1.7491008773536373e-01</value></_></nodes></_>
  <_>
    <nodes>
      <_>
        <depth>0</depth>
        <value>9.1441922422462411e-03</value>
        <splits>
          <_><var>103</var>
            <quality>7.5657635927200317e-02</quality>
            <le>-3.5419301986694336e+00</le></_></splits></_>
      <_>
        <depth>1</depth>
        <value>-9.0390891993689260e-01</value></_>
      <_>
        <depth>1</depth>
        <value>1.1636587121584124e-01</value></_></nodes></_>
  <_>
    <nodes>
      <_>
        <depth>0</depth>
        <value>1.9587938933809071e-02</value>
        <splits>
          <_><var>3</var>
            <quality>6.5841048955917358e-02</quality>
            <le>-3.5259661674499512e+00</le></_></splits></_>
      <_>
        <depth>1</depth>
        <value>-8.9586939034868662e-01</value></_>
      <_>
        <depth>1</depth>
        <value>1.1282221057205082e-01</value></_></nodes></_>
  <_>
    <nodes>
      <_>
        <depth>0</depth>
        <value>8.3758257528199452e-03</value>
        <splits>
          <_><var>10</var>
            <quality>4.5020598918199539e-02</quality>
            <le>5.8500285148620605e+00</le></_></splits></_>
      <_>
        <depth>1</depth>
        <value>8.8711261756118376e-02</value></_>
      <_>
        <depth>1</depth>
        <value>-6.6033884767274686e-01</value></_></nodes></_>
  <_>
    <nodes>
      <_>
        <depth>0</depth>
        <value>1.2793607104281152e-03</value>
        <splits>
          <_><var>28</var>
            <quality>3.4884810447692871e-02</quality>
            <le>-1.8079633712768555e+00</le></_></splits></_>
      <_>
        <depth>1</depth>
        <value>-3.6125125406649489e-01</value></_>
      <_>
        <depth>1</depth>
        <value>1.0707810299754009e-01</value></_></nodes></_>
  <_>
    <nodes>
      <_>
        <depth>0</depth>
        <value>1.5822378162800683e-03</value>
        <splits>
          <_><var>17</var>
            <quality>3.8210455328226089e-02</quality>
            <le>-1.2191524505615234e+00</le></_></splits></_>
      <_>
        <depth>1</depth>
        <value>4.0589954844083703e-01</value></_>
      <_>
        <depth>1</depth>
        <value>-1.0327884405381763e-01</value></_></nodes></_>
  <_>
    <nodes>
      <_>
        <depth>0</depth>
        <value>-1.4035898526771406e-02</value>
        <splits>
          <_><var>25</var>
            <quality>4.6113438904285431e-02</quality>
            <le>-3.2002949714660645e+00</le></_></splits></_>
      <_>
        <depth>1</depth>
        <value>-6.9538979225145137e-01</value></_>
      <_>
        <depth>1</depth>
        <value>6.8296224916414780e-02</value></_></nodes></_>
  <_>
    <nodes>
      <_>
        <depth>0</depth>
        <value>-9.6806880970154717e-05</value>
        <splits>
          <_><var>82</var>
            <quality>2.9614349827170372e-02</quality>
            <le>-5.7993927001953125e+00</le></_></splits></_>
      <_>
        <depth>1</depth>
        <value>-7.8221636655242954e-01</value></_>
      <_>
        <depth>1</depth>
        <value>4.7287823525006469e-02</value></_></nodes></_>
  <_>
    <nodes>
      <_>
        <depth>0</depth>
        <value>5.7446351765653271e-03</value>
        <splits>
          <_><var>61</var>
            <quality>2.1479746326804161e-02</quality>
            <le>-6.8441658020019531e+00</le></_></splits></_>
      <_>
        <depth>1</depth>
        <value>-1.0112502879607366e+00</value></_>
      <_>
        <depth>1</depth>
        <value>3.4891645966549041e-02</value></_></nodes></_>
  <_>
    <nodes>
      <_>
        <depth>0</depth>
        <value>4.1558846321775771e-03</value>
        <splits>
          <_><var>99</var>
            <quality>2.2733049467206001e-02</quality>
            <le>-2.6613864898681641e+00</le></_></splits></_>
      <_>
        <depth>1</depth>
        <value>4.4758725658520315e-01</value></_>
      <_>
        <depth>1</depth>
        <value>-5.3299856053571015e-02</value></_></nodes></_>
  <_>
    <nodes>
      <_>
        <depth>0</depth>
        <value>-8.7408767839172383e-03</value>
        <splits>
          <_><var>98</var>
