<?xml version="1.0"?>
<opencv_storage>
<format>3</format>
<is_classifier>1</is_classifier>
<var_all>106</var_all>
<var_count>105</var_count>
<ord_var_count>105</ord_var_count>
<cat_var_count>1</cat_var_count>
<training_params>
  <boosting_type>RealAdaboost</boosting_type>
  <use_surrogates>0</use_surrogates>
  <max_categories>10</max_categories>
  <regression_accuracy>9.9999997764825821e-03</regression_accuracy>
  <max_depth>1</max_depth>
  <min_sample_count>10</min_sample_count>
  <cross_validation_folds>0</cross_validation_folds>
  <priors type_id="opencv-matrix">
    <rows>2</rows>
    <cols>1</cols>
    <dt>d</dt>
    <data>
      1.4960000000000011e+04 3906.</data></priors>
  <weight_trimming_rate>9.4999999999999996e-01</weight_trimming_rate></training_params>
<global_var_idx>1</global_var_idx>
<var_idx>
  0 1 2 3 4 5 6 7 8 9 10 11 12 13 14 15 16 17 18 19 20 21 22 23 24 25 26
  27 28 29 30 31 32 33 34 35 36 37 38 39 40 41 42 43 44 45 46 47 48 49
  50 51 52 53 54 55 56 57 58 59 60 61 62 63 64 65 66 67 68 69 70 71 72
  73 74 75 76 77 78 79 80 81 82 83 84 85 86 87 88 89 90 91 92 93 94 95
  96 97 98 99 100 101 102 103 104</var_idx>
<var_type>
  0 0 0 0 0 0 0 0 0 0 0 0 0 0 0 0 0 0 0 0 0 0 0 0 0 0 0 0 0 0 0 0 0 0 0
  0 0 0 0 0 0 0 0 0 0 0 0 0 0 0 0 0 0 0 0 0 0 0 0 0 0 0 0 0 0 0 0 0 0 0
  0 0 0 0 0 0 0 0 0 0 0 0 0 0 0 0 0 0 0 0 0 0 0 0 0 0 0 0 0 0 0 0 0 0 0
  1</var_type>
<cat_ofs>
  0 0 0 0 0 0 0 0 0 0 0 0 0 0 0 0 0 0 0 0 0 0 0 0 0 0 0 0 0 0 0 0 0 0 0
  0 0 0 0 0 0 0 0 0 0 0 0 0 0 0 0 0 0 0 0 0 0 0 0 0 0 0 0 0 0 0 0 0 0 0
  0 0 0 0 0 0 0 0 0 0 0 0 0 0 0 0 0 0 0 0 0 0 0 0 0 0 0 0 0 0 0 0 0 0 0
  0 0 0 0 0 0 0 0 0 0 0 0 0 0 0 0 0 0 0 0 0 0 0 0 0 0 0 0 0 0 0 0 0 0 0
  0 0 0 0 0 0 0 0 0 0 0 0 0 0 0 0 0 0 0 0 0 0 0 0 0 0 0 0 0 0 0 0 0 0 0
  0 0 0 0 0 0 0 0 0 0 0 0 0 0 0 0 0 0 0 0 0 0 0 0 0 0 0 0 0 0 0 0 0 0 0</cat_ofs>
<class_labels>
  -1 1</class_labels>
<missing_subst>
  0. 0. 0. 0. 0. 0. 0. 0. 0. 0. 0. 0. 0. 0. 0. 0. 0. 0. 0. 0. 0. 0. 0.
  0. 0. 0. 0. 0. 0. 0. 0. 0. 0. 0. 0. 0. 0. 0. 0. 0. 0. 0. 0. 0. 0. 0.
  0. 0. 0. 0. 0. 0. 0. 0. 0. 0. 0. 0. 0. 0. 0. 0. 0. 0. 0. 0. 0. 0. 0.
  0. 0. 0. 0. 0. 0. 0. 0. 0. 0. 0. 0. 0. 0. 0. 0. 0. 0. 0. 0. 0. 0. 0.
  0. 0. 0. 0. 0. 0. 0. 0. 0. 0. 0. 0. 0. 0.</missing_subst>
<ntrees>200</ntrees>
<trees>
  <_>
    <nodes>
      <_>
        <depth>0</depth>
        <value>-1.3428661400916171e+00</value>
        <splits>
          <_><var>17</var>
            <quality>7.6773953437805176e-01</quality>
            <le>-1.6022918224334717e+00</le></_></splits></_>
      <_>
        <depth>1</depth>
        <value>-2.0415570488441959e+00</value></_>
      <_>
        <depth>1</depth>
        <value>-1.1017885700763070e+00</value></_></nodes></_>
  <_>
    <nodes>
      <_>
        <depth>0</depth>
        <value>-3.1253947407696177e-08</value>
        <splits>
          <_><var>99</var>
            <quality>1.2249387055635452e-01</quality>
            <le>-2.6450281143188477e+00</le></_></splits></_>
      <_>
        <depth>1</depth>
        <value>-8.3900742644343518e-01</value></_>
      <_>
        <depth>1</depth>
        <value>1.8069041299835537e-01</value></_></nodes></_>
  <_>
    <nodes>
      <_>
        <depth>0</depth>
        <value>2.3933733797285223e-02</value>
        <splits>
          <_><var>45</var>
            <quality>6.4362347126007080e-02</quality>
            <le>-2.4365296363830566e+00</le></_></splits></_>
      <_>
        <depth>1</depth>
        <value>-5.4376512653034959e-01</value></_>
      <_>
        <depth>1</depth>
        <value>1.5075284366701264e-01</value></_></nodes></_>
  <_>
    <nodes>
      <_>
        <depth>0</depth>
        <value>1.1760510753172212e-02</value>
        <splits>
          <_><var>103</var>
            <quality>4.2393855750560760e-02</quality>
            <le>-4.1887006759643555e+00</le></_></splits></_>
      <_>
        <depth>1</depth>
        <value>-7.4530218597280062e-01</value></_>
      <_>
        <depth>1</depth>
        <value>7.9662169380339209e-02</value></_></nodes></_>
  <_>
    <nodes>
      <_>
        <depth>0</depth>
        <value>1.8306322768839194e-02</value>
        <splits>
          <_><var>99</var>
            <quality>3.6486286669969559e-02</quality>
            <le>-2.6600499153137207e+00</le></_></splits></_>
      <_>
        <depth>1</depth>
        <value>6.0590275817831674e-01</value></_>
      <_>
        <depth>1</depth>
        <value>-5.3942390794278768e-02</value></_></nodes></_>
  <_>
    <nodes>
      <_>
        <depth>0</depth>
        <value>-4.3705717148805522e-02</value>
        <splits>
          <_><var>80</var>
            <quality>3.7006512284278870e-02</quality>
            <le>-3.7751786708831787e+00</le></_></splits></_>
      <_>
        <depth>1</depth>
        <value>-6.4591541505746453e-01</value></_>
      <_>
        <depth>1</depth>
        <value>2.5199832423922115e-02</value></_></nodes></_>
  <_>
    <nodes>
      <_>
        <depth>0</depth>
        <value>1.4346450101116667e-02</value>
        <splits>
          <_><var>10</var>
            <quality>3.2698348164558411e-02</quality>
            <le>6.0838079452514648e+00</le></_></splits></_>
      <_>
        <depth>1</depth>
        <value>7.7437363740993900e-02</value></_>
      <_>
        <depth>1</depth>
        <value>-5.7827675758457198e-01</value></_></nodes></_>
  <_>
    <nodes>
      <_>
        <depth>0</depth>
        <value>3.7294246170945294e-03</value>
        <splits>
          <_><var>3</var>
            <quality>3.4168273210525513e-02</quality>
            <le>-4.3059425354003906e+00</le></_></splits></_>
      <_>
        <depth>1</depth>
        <value>-7.1907287188686686e-01</value></_>
      <_>
        <depth>1</depth>
        <value>6.1313895578312669e-02</value></_></nodes></_>
  <_>
    <nodes>
      <_>
        <depth>0</depth>
        <value>8.3962535172313491e-03</value>
        <splits>
          <_><var>17</var>
            <quality>2.6722721755504608e-02</quality>
            <le>-1.5416280031204224e+00</le></_></splits></_>
      <_>
        <depth>1</depth>
        <value>3.5036306460656269e-01</value></_>
      <_>
        <depth>1</depth>
        <value>-7.6930658264383667e-02</value></_></nodes></_>
  <_>
    <nodes>
      <_>
        <depth>0</depth>
        <value>-8.5998151401921758e-03</value>
        <splits>
          <_><var>23</var>
            <quality>2.8564078733325005e-02</quality>
            <le>-3.6337642669677734e+00</le></_></splits></_>
      <_>
        <depth>1</depth>
        <value>-5.9050169150661747e-01</value></_>
      <_>
        <depth>1</depth>
        <value>4.8920755752371196e-02</value></_></nodes></_>
  <_>
    <nodes>
      <_>
        <depth>0</depth>
        <value>7.6951049273466564e-03</value>
        <splits>
          <_><var>98</var>
            <quality>1.6955221071839333e-02</quality>
            <le>-4.0841679573059082e+00</le></_></splits></_>
      <_>
        <depth>1</depth>
        <value>-4.6852735209426372e-01</value></_>
      <_>
        <depth>1</depth>
        <value>4.7719877851035784e-02</value></_></nodes></_>
  <_>
    <nodes>
      <_>
        <depth>0</depth>
        <value>5.5422251152540515e-03</value>
        <splits>
          <_><var>93</var>
            <quality>1.4054738916456699e-02</quality>
            <le>5.6753363609313965e+00</le></_></splits></_>
      <_>
        <depth>1</depth>
        <value>4.9957678710071389e-02</value></_>
      <_>
        <depth>1</depth>
        <value>-3.3963247048215656e-01</value></_></nodes></_>
  <_>
    <nodes>
      <_>
        <depth>0</depth>
        <value>-4.4810641285543077e-03</value>
        <splits>
          <_><var>58</var>
