<?xml version="1.0"?>
<opencv_storage>
<format>3</format>
<is_classifier>1</is_classifier>
<var_all>81</var_all>
<var_count>80</var_count>
<ord_var_count>80</ord_var_count>
<cat_var_count>1</cat_var_count>
<training_params>
  <boosting_type>RealAdaboost</boosting_type>
  <use_surrogates>0</use_surrogates>
  <max_categories>10</max_categories>
  <regression_accuracy>9.9999997764825821e-03</regression_accuracy>
  <max_depth>1</max_depth>
  <min_sample_count>10</min_sample_count>
  <cross_validation_folds>0</cross_validation_folds>
  <priors type_id="opencv-matrix">
    <rows>2</rows>
    <cols>1</cols>
    <dt>d</dt>
    <data>
      1.4960000000000040e+04 3906.</data></priors>
  <weight_trimming_rate>9.4999999999999996e-01</weight_trimming_rate></training_params>
<global_var_idx>1</global_var_idx>
<var_idx>
  0 1 2 3 4 5 6 7 8 9 10 11 12 13 14 15 16 17 18 19 20 21 22 23 24 25 26
  27 28 29 30 31 32 33 34 35 36 37 38 39 40 41 42 43 44 45 46 47 48 49
  50 51 52 53 54 55 56 57 58 59 60 61 62 63 64 65 66 67 68 69 70 71 72
  73 74 75 76 77 78 79</var_idx>
<var_type>
  0 0 0 0 0 0 0 0 0 0 0 0 0 0 0 0 0 0 0 0 0 0 0 0 0 0 0 0 0 0 0 0 0 0 0
  0 0 0 0 0 0 0 0 0 0 0 0 0 0 0 0 0 0 0 0 0 0 0 0 0 0 0 0 0 0 0 0 0 0 0
  0 0 0 0 0 0 0 0 0 0 1</var_type>
<cat_ofs>
  0 0 0 0 0 0 0 0 0 0 0 0 0 0 0 0 0 0 0 0 0 0 0 0 0 0 0 0 0 0 0 0 0 0 0
  0 0 0 0 0 0 0 0 0 0 0 0 0 0 0 0 0 0 0 0 0 0 0 0 0 0 0 0 0 0 0 0 0 0 0
  0 0 0 0 0 0 0 0 0 0 0 0 0 0 0 0 0 0 0 0 0 0 0 0 0 0 0 0 0 0 0 0 0 0 0
  0 0 0 0 0 0 0 0 0 0 0 0 0 0 0 0 0 0 0 0 0 0 0 0 0 0 0 0 0 0 0 0 0 0 0
  0 0 0 0 0 0 0 0 0 0 0 0 0 0 0 0 0 0 0 0</cat_ofs>
<class_labels>
  -1 1</class_labels>
<missing_subst>
  0. 0. 0. 0. 0. 0. 0. 0. 0. 0. 0. 0. 0. 0. 0. 0. 0. 0. 0. 0. 0. 0. 0.
  0. 0. 0. 0. 0. 0. 0. 0. 0. 0. 0. 0. 0. 0. 0. 0. 0. 0. 0. 0. 0. 0. 0.
  0. 0. 0. 0. 0. 0. 0. 0. 0. 0. 0. 0. 0. 0. 0. 0. 0. 0. 0. 0. 0. 0. 0.
  0. 0. 0. 0. 0. 0. 0. 0. 0. 0. 0. 0.</missing_subst>
<ntrees>200</ntrees>
<trees>
  <_>
    <nodes>
      <_>
        <depth>0</depth>
        <value>-1.3428661400916171e+00</value>
        <splits>
          <_><var>71</var>
            <quality>7.6125037670135498e-01</quality>
            <le>5.3091821289062500e+02</le></_></splits></_>
      <_>
        <depth>1</depth>
        <value>-1.3437295777416272e+00</value></_>
      <_>
        <depth>1</depth>
        <value>3.0152200448173472e-01</value></_></nodes></_>
  <_>
    <nodes>
      <_>
        <depth>0</depth>
        <value>-1.7314978618083443e-04</value>
        <splits>
          <_><var>77</var>
            <quality>3.0061157885938883e-03</quality>
            <le>2.2741657257080078e+01</le></_></splits></_>
      <_>
        <depth>1</depth>
        <value>1.0534885598480278e-02</value></_>
      <_>
        <depth>1</depth>
        <value>-2.8872813879863146e-01</value></_></nodes></_>
  <_>
    <nodes>
      <_>
        <depth>0</depth>
        <value>1.7972991267889621e-02</value>
        <splits>
          <_><var>77</var>
            <quality>1.7650770023465157e-02</quality>
            <le>2.3075653076171875e+01</le></_></splits></_>
      <_>
        <depth>1</depth>
        <value>2.5906321525720399e-10</value></_>
      <_>
        <depth>1</depth>
        <value>5.7564577324623896e+00</value></_></nodes></_>
  <_>
    <nodes>
      <_>
        <depth>0</depth>
        <value>-1.2651547264466367e+00</value>
        <splits>
          <_><var>77</var>
            <quality>8.5244607925415039e-01</quality>
            <le>2.3075653076171875e+01</le></_></splits></_>
      <_>
        <depth>1</depth>
        <value>1.5099033134899849e-13</value></_>
      <_>
        <depth>1</depth>
        <value>-5.7564577324601141e+00</value></_></nodes></_>
  <_>
    <nodes>
      <_>
        <depth>0</depth>
        <value>1.7972991013056879e-02</value>
        <splits>
          <_><var>77</var>
            <quality>1.7650770023465157e-02</quality>
            <le>2.3075653076171875e+01</le></_></splits></_>
      <_>
        <depth>1</depth>
        <value>-3.3195668436303202e-13</value></_>
      <_>
        <depth>1</depth>
        <value>5.7564577324623896e+00</value></_></nodes></_>
  <_>
    <nodes>
      <_>
        <depth>0</depth>
        <value>-1.2651547264465588e+00</value>
        <splits>
          <_><var>77</var>
            <quality>8.5244607925415039e-01</quality>
            <le>2.3075653076171875e+01</le></_></splits></_>
      <_>
        <depth>1</depth>
        <value>2.6845192735429081e-13</value></_>
      <_>
        <depth>1</depth>
        <value>-5.7564577324601141e+00</value></_></nodes></_>
  <_>
    <nodes>
      <_>
        <depth>0</depth>
        <value>1.7972991013475326e-02</value>
        <splits>
          <_><var>77</var>
            <quality>1.7650770023465157e-02</quality>
            <le>2.3075653076171875e+01</le></_></splits></_>
      <_>
        <depth>1</depth>
        <value>6.7057470687354962e-14</value></_>
      <_>
        <depth>1</depth>
        <value>5.7564577324623896e+00</value></_></nodes></_>
  <_>
    <nodes>
      <_>
        <depth>0</depth>
        <value>-1.2651547264467737e+00</value>
        <splits>
          <_><var>77</var>
            <quality>8.5244607925415039e-01</quality>
            <le>2.3075653076171875e+01</le></_></splits></_>
      <_>
        <depth>1</depth>
        <value>-4.2188474935757728e-14</value></_>
      <_>
        <depth>1</depth>
        <value>-5.7564577324601141e+00</value></_></nodes></_>
  <_>
    <nodes>
      <_>
        <depth>0</depth>
        <value>1.7972991013056022e-02</value>
        <splits>
          <_><var>77</var>
            <quality>1.7650770023465157e-02</quality>
            <le>2.3075653076171875e+01</le></_></splits></_>
      <_>
        <depth>1</depth>
        <value>-3.3062441673348092e-13</value></_>
      <_>
        <depth>1</depth>
        <value>5.7564577324623896e+00</value></_></nodes></_>
  <_>
    <nodes>
      <_>
        <depth>0</depth>
        <value>-1.2651547264465401e+00</value>
        <splits>
          <_><var>77</var>
            <quality>8.5244607925415039e-01</quality>
            <le>2.3075653076171875e+01</le></_></splits></_>
      <_>
        <depth>1</depth>
        <value>2.7622348852666266e-13</value></_>
      <_>
        <depth>1</depth>
        <value>-5.7564577324601141e+00</value></_></nodes></_>
  <_>
    <nodes>
      <_>
        <depth>0</depth>
        <value>1.7972991013477362e-02</value>
        <splits>
          <_><var>77</var>
            <quality>1.7650770023465157e-02</quality>
            <le>2.3075653076171875e+01</le></_></splits></_>
      <_>
        <depth>1</depth>
        <value>7.0166095156304971e-14</value></_>
      <_>
        <depth>1</depth>
        <value>5.7564577324623896e+00</value></_></nodes></_>
  <_>
    <nodes>
      <_>
        <depth>0</depth>
        <value>-1.2651547264466960e+00</value>
        <splits>
          <_><var>77</var>
            <quality>8.5244607925415039e-01</quality>
            <le>2.3075653076171875e+01</le></_></splits></_>
      <_>
        <depth>1</depth>
        <value>3.9745984281579026e-14</value></_>
      <_>
        <depth>1</depth>
        <value>-5.7564577324601141e+00</value></_></nodes></_>
  <_>
    <nodes>
      <_>
        <depth>0</depth>
        <value>1.7972991013051096e-02</value>
        <splits>
          <_><var>77</var>
            <quality>1.7650770023465157e-02</quality>
            <le>2.3075653076171875e+01</le></_></splits></_>
      <_>
        <depth>1</depth>
        <value>-3.3878455596448128e-13</value></_>
      <_>
        <depth>1</depth>
        <value>5.7564577324623896e+00</value></_></nodes></_>
  <_>
    <nodes>
      <_>
        <depth>0</depth>
