<?xml version="1.0"?>
<opencv_storage>
<format>3</format>
<is_classifier>1</is_classifier>
<var_all>81</var_all>
<var_count>80</var_count>
<ord_var_count>80</ord_var_count>
<cat_var_count>1</cat_var_count>
<training_params>
  <boosting_type>RealAdaboost</boosting_type>
  <use_surrogates>0</use_surrogates>
  <max_categories>10</max_categories>
  <regression_accuracy>9.9999997764825821e-03</regression_accuracy>
  <max_depth>1</max_depth>
  <min_sample_count>10</min_sample_count>
  <cross_validation_folds>0</cross_validation_folds>
  <priors type_id="opencv-matrix">
    <rows>2</rows>
    <cols>1</cols>
    <dt>d</dt>
    <data>
      1.4960000000000087e+04 3906.</data></priors>
  <weight_trimming_rate>9.4999999999999996e-01</weight_trimming_rate></training_params>
<global_var_idx>1</global_var_idx>
<var_idx>
  0 1 2 3 4 5 6 7 8 9 10 11 12 13 14 15 16 17 18 19 20 21 22 23 24 25 26
  27 28 29 30 31 32 33 34 35 36 37 38 39 40 41 42 43 44 45 46 47 48 49
  50 51 52 53 54 55 56 57 58 59 60 61 62 63 64 65 66 67 68 69 70 71 72
  73 74 75 76 77 78 79</var_idx>
<var_type>
  0 0 0 0 0 0 0 0 0 0 0 0 0 0 0 0 0 0 0 0 0 0 0 0 0 0 0 0 0 0 0 0 0 0 0
  0 0 0 0 0 0 0 0 0 0 0 0 0 0 0 0 0 0 0 0 0 0 0 0 0 0 0 0 0 0 0 0 0 0 0
  0 0 0 0 0 0 0 0 0 0 1</var_type>
<cat_ofs>
  0 0 0 0 0 0 0 0 0 0 0 0 0 0 0 0 0 0 0 0 0 0 0 0 0 0 0 0 0 0 0 0 0 0 0
  0 0 0 0 0 0 0 0 0 0 0 0 0 0 0 0 0 0 0 0 0 0 0 0 0 0 0 0 0 0 0 0 0 0 0
  0 0 0 0 0 0 0 0 0 0 0 0 0 0 0 0 0 0 0 0 0 0 0 0 0 0 0 0 0 0 0 0 0 0 0
  0 0 0 0 0 0 0 0 0 0 0 0 0 0 0 0 0 0 0 0 0 0 0 0 0 0 0 0 0 0 0 0 0 0 0
  0 0 0 0 0 0 0 0 0 0 0 0 0 0 0 0 0 0 0 0</cat_ofs>
<class_labels>
  -1 1</class_labels>
<missing_subst>
  0. 0. 0. 0. 0. 0. 0. 0. 0. 0. 0. 0. 0. 0. 0. 0. 0. 0. 0. 0. 0. 0. 0.
  0. 0. 0. 0. 0. 0. 0. 0. 0. 0. 0. 0. 0. 0. 0. 0. 0. 0. 0. 0. 0. 0. 0.
  0. 0. 0. 0. 0. 0. 0. 0. 0. 0. 0. 0. 0. 0. 0. 0. 0. 0. 0. 0. 0. 0. 0.
  0. 0. 0. 0. 0. 0. 0. 0. 0. 0. 0. 0.</missing_subst>
<ntrees>200</ntrees>
<trees>
  <_>
    <nodes>
      <_>
        <depth>0</depth>
        <value>-1.3428661400916171e+00</value>
        <splits>
          <_><var>27</var>
            <quality>7.6177710294723511e-01</quality>
            <le>-9.6611595153808594e+00</le></_></splits></_>
      <_>
        <depth>1</depth>
        <value>-1.2346014883874199e+00</value></_>
      <_>
        <depth>1</depth>
        <value>-1.4686369185432118e+00</value></_></nodes></_>
  <_>
    <nodes>
      <_>
        <depth>0</depth>
        <value>-1.7290846942343046e-08</value>
        <splits>
          <_><var>4</var>
            <quality>8.0486554652452469e-03</quality>
            <le>-1.0598052978515625e+01</le></_></splits></_>
      <_>
        <depth>1</depth>
        <value>8.6488471541279976e-02</value></_>
      <_>
        <depth>1</depth>
        <value>-9.3564439194327692e-02</value></_></nodes></_>
  <_>
    <nodes>
      <_>
        <depth>0</depth>
        <value>-1.0364033531023908e-09</value>
        <splits>
          <_><var>71</var>
            <quality>5.5236923508346081e-03</quality>
            <le>-5.8150520324707031e+00</le></_></splits></_>
      <_>
        <depth>1</depth>
        <value>5.8615793171829682e-02</value></_>
      <_>
        <depth>1</depth>
        <value>-9.4624875549801285e-02</value></_></nodes></_>
  <_>
    <nodes>
      <_>
        <depth>0</depth>
        <value>9.3382945733304474e-10</value>
        <splits>
          <_><var>25</var>
            <quality>3.9510568603873253e-03</quality>
            <le>-3.7667312622070313e+00</le></_></splits></_>
      <_>
        <depth>1</depth>
        <value>4.8483702198422858e-02</value></_>
      <_>
        <depth>1</depth>
        <value>-8.1737867912942769e-02</value></_></nodes></_>
  <_>
    <nodes>
      <_>
        <depth>0</depth>
        <value>3.0629113147112551e-02</value>
        <splits>
          <_><var>27</var>
            <quality>7.5675933621823788e-03</quality>
            <le>-1.3334087371826172e+01</le></_></splits></_>
      <_>
        <depth>1</depth>
        <value>-4.7146517658345294e-02</value></_>
      <_>
        <depth>1</depth>
        <value>1.1946003348391708e-01</value></_></nodes></_>
  <_>
    <nodes>
      <_>
        <depth>0</depth>
        <value>1.7166348971929341e-02</value>
        <splits>
          <_><var>71</var>
            <quality>3.9986544288694859e-03</quality>
            <le>-1.0370137214660645e+01</le></_></splits></_>
      <_>
        <depth>1</depth>
        <value>-3.1650872849888878e-02</value></_>
      <_>
        <depth>1</depth>
        <value>9.7661637096360387e-02</value></_></nodes></_>
  <_>
    <nodes>
      <_>
        <depth>0</depth>
        <value>-1.8614719034408429e-02</value>
        <splits>
          <_><var>8</var>
            <quality>4.8745186068117619e-03</quality>
            <le>-5.6975336074829102e+00</le></_></splits></_>
      <_>
        <depth>1</depth>
        <value>3.6103844103890517e-02</value></_>
      <_>
        <depth>1</depth>
        <value>-1.0518282412248094e-01</value></_></nodes></_>
  <_>
    <nodes>
      <_>
        <depth>0</depth>
        <value>1.3268030576271633e-02</value>
        <splits>
          <_><var>8</var>
            <quality>3.4434513654559851e-03</quality>
            <le>-4.6017827987670898e+00</le></_></splits></_>
      <_>
        <depth>1</depth>
        <value>-3.0079175833250250e-02</value></_>
      <_>
        <depth>1</depth>
        <value>9.2955240485670609e-02</value></_></nodes></_>
  <_>
    <nodes>
      <_>
        <depth>0</depth>
        <value>-1.4807574619062638e-02</value>
        <splits>
          <_><var>26</var>
            <quality>4.3334937654435635e-03</quality>
            <le>-3.5868549346923828e+00</le></_></splits></_>
      <_>
        <depth>1</depth>
        <value>3.3025932982017926e-02</value></_>
      <_>
        <depth>1</depth>
        <value>-1.0483668225062090e-01</value></_></nodes></_>
  <_>
    <nodes>
      <_>
        <depth>0</depth>
        <value>9.0291782204197733e-03</value>
        <splits>
          <_><var>26</var>
            <quality>3.5543891135603189e-03</quality>
            <le>-8.5615348815917969e+00</le></_></splits></_>
      <_>
        <depth>1</depth>
        <value>-3.5677028646297314e-02</value></_>
      <_>
        <depth>1</depth>
        <value>9.0806669278598040e-02</value></_></nodes></_>
  <_>
    <nodes>
      <_>
        <depth>0</depth>
        <value>-3.5633052114863057e-04</value>
        <splits>
          <_><var>68</var>
            <quality>3.4639479126781225e-03</quality>
            <le>4.8949446678161621e+00</le></_></splits></_>
      <_>
        <depth>1</depth>
        <value>3.5384351865823491e-02</value></_>
      <_>
        <depth>1</depth>
        <value>-1.0273799468417610e-01</value></_></nodes></_>
  <_>
    <nodes>
      <_>
        <depth>0</depth>
        <value>-1.5154886495183158e-03</value>
        <splits>
          <_><var>68</var>
            <quality>3.9899055846035480e-03</quality>
            <le>6.1378397941589355e+00</le></_></splits></_>
      <_>
        <depth>1</depth>
        <value>-3.6555263449707602e-02</value></_>
      <_>
        <depth>1</depth>
        <value>1.1862163105048733e-01</value></_></nodes></_>
  <_>
    <nodes>
      <_>
        <depth>0</depth>
        <value>-6.2113076499723174e-03</value>
        <splits>
          <_><var>68</var>
            <quality>5.4755494929850101e-03</quality>
            <le>7.3282985687255859e+00</le></_></splits></_>
      <_>
        <depth>1</depth>
        <value>3.7553682612215436e-02</value></_>
      <_>
        <depth>1</depth>
        <value>-1.3743447041231399e-01</value></_></nodes></_>
  <_>
    <nodes>
      <_>
