<?xml version="1.0"?>
<opencv_storage>
<format>3</format>
<is_classifier>1</is_classifier>
<var_all>81</var_all>
<var_count>80</var_count>
<ord_var_count>80</ord_var_count>
<cat_var_count>1</cat_var_count>
<training_params>
  <boosting_type>RealAdaboost</boosting_type>
  <use_surrogates>0</use_surrogates>
  <max_categories>10</max_categories>
  <regression_accuracy>9.9999997764825821e-03</regression_accuracy>
  <max_depth>1</max_depth>
  <min_sample_count>10</min_sample_count>
  <cross_validation_folds>0</cross_validation_folds>
  <priors type_id="opencv-matrix">
    <rows>2</rows>
    <cols>1</cols>
    <dt>d</dt>
    <data>
      1.4960000000000029e+04 3906.</data></priors>
  <weight_trimming_rate>9.4999999999999996e-01</weight_trimming_rate></training_params>
<global_var_idx>1</global_var_idx>
<var_idx>
  0 1 2 3 4 5 6 7 8 9 10 11 12 13 14 15 16 17 18 19 20 21 22 23 24 25 26
  27 28 29 30 31 32 33 34 35 36 37 38 39 40 41 42 43 44 45 46 47 48 49
  50 51 52 53 54 55 56 57 58 59 60 61 62 63 64 65 66 67 68 69 70 71 72
  73 74 75 76 77 78 79</var_idx>
<var_type>
  0 0 0 0 0 0 0 0 0 0 0 0 0 0 0 0 0 0 0 0 0 0 0 0 0 0 0 0 0 0 0 0 0 0 0
  0 0 0 0 0 0 0 0 0 0 0 0 0 0 0 0 0 0 0 0 0 0 0 0 0 0 0 0 0 0 0 0 0 0 0
  0 0 0 0 0 0 0 0 0 0 1</var_type>
<cat_ofs>
  0 0 0 0 0 0 0 0 0 0 0 0 0 0 0 0 0 0 0 0 0 0 0 0 0 0 0 0 0 0 0 0 0 0 0
  0 0 0 0 0 0 0 0 0 0 0 0 0 0 0 0 0 0 0 0 0 0 0 0 0 0 0 0 0 0 0 0 0 0 0
  0 0 0 0 0 0 0 0 0 0 0 0 0 0 0 0 0 0 0 0 0 0 0 0 0 0 0 0 0 0 0 0 0 0 0
  0 0 0 0 0 0 0 0 0 0 0 0 0 0 0 0 0 0 0 0 0 0 0 0 0 0 0 0 0 0 0 0 0 0 0
  0 0 0 0 0 0 0 0 0 0 0 0 0 0 0 0 0 0 0 0</cat_ofs>
<class_labels>
  -1 1</class_labels>
<missing_subst>
  0. 0. 0. 0. 0. 0. 0. 0. 0. 0. 0. 0. 0. 0. 0. 0. 0. 0. 0. 0. 0. 0. 0.
  0. 0. 0. 0. 0. 0. 0. 0. 0. 0. 0. 0. 0. 0. 0. 0. 0. 0. 0. 0. 0. 0. 0.
  0. 0. 0. 0. 0. 0. 0. 0. 0. 0. 0. 0. 0. 0. 0. 0. 0. 0. 0. 0. 0. 0. 0.
  0. 0. 0. 0. 0. 0. 0. 0. 0. 0. 0. 0.</missing_subst>
<ntrees>200</ntrees>
<trees>
  <_>
    <nodes>
      <_>
        <depth>0</depth>
        <value>-1.3428661400916171e+00</value>
        <splits>
          <_><var>74</var>
            <quality>7.7898460626602173e-01</quality>
            <le>1.2181353569030762e+01</le></_></splits></_>
      <_>
        <depth>1</depth>
        <value>-1.4244165018277848e+00</value></_>
      <_>
        <depth>1</depth>
        <value>1.1809686849154122e-01</value></_></nodes></_>
  <_>
    <nodes>
      <_>
        <depth>0</depth>
        <value>-1.9628913680334103e-02</value>
        <splits>
          <_><var>69</var>
            <quality>1.0562816262245178e-01</quality>
            <le>-2.9320406913757324e+00</le></_></splits></_>
      <_>
        <depth>1</depth>
        <value>9.6473780305309981e-02</value></_>
      <_>
        <depth>1</depth>
        <value>-1.7955847667538498e+00</value></_></nodes></_>
  <_>
    <nodes>
      <_>
        <depth>0</depth>
        <value>2.0092156049041392e-02</value>
        <splits>
          <_><var>17</var>
            <quality>7.8444719314575195e-02</quality>
            <le>-1.7416337728500366e+00</le></_></splits></_>
      <_>
        <depth>1</depth>
        <value>1.0581469819523460e-01</value></_>
      <_>
        <depth>1</depth>
        <value>-1.6647619975970951e+00</value></_></nodes></_>
  <_>
    <nodes>
      <_>
        <depth>0</depth>
        <value>3.4394340501820581e-02</value>
        <splits>
          <_><var>48</var>
            <quality>7.5553789734840393e-02</quality>
            <le>-2.6716909408569336e+00</le></_></splits></_>
      <_>
        <depth>1</depth>
        <value>1.1589357200824041e-01</value></_>
      <_>
        <depth>1</depth>
        <value>-1.5697332409150009e+00</value></_></nodes></_>
  <_>
    <nodes>
      <_>
        <depth>0</depth>
        <value>1.6507992492026956e-02</value>
        <splits>
          <_><var>41</var>
            <quality>6.4286768436431885e-02</quality>
            <le>9.1445140838623047e+00</le></_></splits></_>
      <_>
        <depth>1</depth>
        <value>-7.2185361327989236e-02</value></_>
      <_>
        <depth>1</depth>
        <value>1.0351776996286786e+00</value></_></nodes></_>
  <_>
    <nodes>
      <_>
        <depth>0</depth>
        <value>-1.2536855406254817e-03</value>
        <splits>
          <_><var>63</var>
            <quality>4.2437832802534103e-02</quality>
            <le>-2.4299154281616211e+00</le></_></splits></_>
      <_>
        <depth>1</depth>
        <value>4.9158388813853690e-02</value></_>
      <_>
        <depth>1</depth>
        <value>-1.4061832723006287e+00</value></_></nodes></_>
  <_>
    <nodes>
      <_>
        <depth>0</depth>
        <value>-8.8537390854572635e-04</value>
        <splits>
          <_><var>8</var>
            <quality>4.4814854860305786e-02</quality>
            <le>-7.1818375587463379e-01</le></_></splits></_>
      <_>
        <depth>1</depth>
        <value>5.8304598977952385e-02</value></_>
      <_>
        <depth>1</depth>
        <value>-1.0786588105194705e+00</value></_></nodes></_>
  <_>
    <nodes>
      <_>
        <depth>0</depth>
        <value>2.4518034729377973e-04</value>
        <splits>
          <_><var>65</var>
            <quality>3.3264722675085068e-02</quality>
            <le>-6.0680127143859863e-01</le></_></splits></_>
      <_>
        <depth>1</depth>
        <value>4.3049945884133869e-02</value></_>
      <_>
        <depth>1</depth>
        <value>-1.1314978679404464e+00</value></_></nodes></_>
  <_>
    <nodes>
      <_>
        <depth>0</depth>
        <value>1.9735652651231015e-03</value>
        <splits>
          <_><var>5</var>
            <quality>2.8550110757350922e-02</quality>
            <le>3.6321196556091309e+00</le></_></splits></_>
      <_>
        <depth>1</depth>
        <value>4.0203178359884663e-02</value></_>
      <_>
        <depth>1</depth>
        <value>-1.0350482754284107e+00</value></_></nodes></_>
  <_>
    <nodes>
      <_>
        <depth>0</depth>
        <value>1.9841994394137908e-03</value>
        <splits>
          <_><var>7</var>
            <quality>2.8012799099087715e-02</quality>
            <le>-1.6153080463409424e+00</le></_></splits></_>
      <_>
        <depth>1</depth>
        <value>3.8519231084252217e-02</value></_>
      <_>
        <depth>1</depth>
        <value>-1.0957432101170204e+00</value></_></nodes></_>
  <_>
    <nodes>
      <_>
        <depth>0</depth>
        <value>1.2664289487952141e-02</value>
        <splits>
          <_><var>0</var>
            <quality>2.6516085490584373e-02</quality>
            <le>-8.7952756881713867e-01</le></_></splits></_>
      <_>
        <depth>1</depth>
        <value>6.8147096361437662e-02</value></_>
      <_>
        <depth>1</depth>
        <value>-5.3356027656375571e-01</value></_></nodes></_>
  <_>
    <nodes>
      <_>
        <depth>0</depth>
        <value>-6.0677878305517045e-03</value>
        <splits>
          <_><var>44</var>
            <quality>2.4079222232103348e-02</quality>
            <le>-1.2524580955505371e+00</le></_></splits></_>
      <_>
        <depth>1</depth>
        <value>2.8007431833961781e-02</value></_>
      <_>
        <depth>1</depth>
        <value>-9.6075362333459813e-01</value></_></nodes></_>
  <_>
    <nodes>
      <_>
        <depth>0</depth>
        <value>4.0473408915686661e-03</value>
        <splits>
          <_><var>17</var>
            <quality>2.4770654737949371e-02</quality>
            <le>8.5380611419677734e+00</le></_></splits></_>
      <_>
        <depth>1</depth>
        <value>-2.2010247004791622e-02</value></_>
      <_>
        <depth>1</depth>
        <value>3.5029624975482423e+00</value></_></nodes></_>
  <_>
    <nodes>
      <_>
        <depth>0</depth>
