<?xml version="1.0"?>
<opencv_storage>
<format>3</format>
<is_classifier>1</is_classifier>
<var_all>81</var_all>
<var_count>80</var_count>
<ord_var_count>80</ord_var_count>
<cat_var_count>1</cat_var_count>
<training_params>
  <boosting_type>RealAdaboost</boosting_type>
  <use_surrogates>0</use_surrogates>
  <max_categories>10</max_categories>
  <regression_accuracy>9.9999997764825821e-03</regression_accuracy>
  <max_depth>1</max_depth>
  <min_sample_count>10</min_sample_count>
  <cross_validation_folds>0</cross_validation_folds>
  <priors type_id="opencv-matrix">
    <rows>2</rows>
    <cols>1</cols>
    <dt>d</dt>
    <data>
      1.4960000000007305e+04 3906.</data></priors>
  <weight_trimming_rate>9.4999999999999996e-01</weight_trimming_rate></training_params>
<global_var_idx>1</global_var_idx>
<var_idx>
  0 1 2 3 4 5 6 7 8 9 10 11 12 13 14 15 16 17 18 19 20 21 22 23 24 25 26
  27 28 29 30 31 32 33 34 35 36 37 38 39 40 41 42 43 44 45 46 47 48 49
  50 51 52 53 54 55 56 57 58 59 60 61 62 63 64 65 66 67 68 69 70 71 72
  73 74 75 76 77 78 79</var_idx>
<var_type>
  0 0 0 0 0 0 0 0 0 0 0 0 0 0 0 0 0 0 0 0 0 0 0 0 0 0 0 0 0 0 0 0 0 0 0
  0 0 0 0 0 0 0 0 0 0 0 0 0 0 0 0 0 0 0 0 0 0 0 0 0 0 0 0 0 0 0 0 0 0 0
  0 0 0 0 0 0 0 0 0 0 1</var_type>
<cat_ofs>
  0 0 0 0 0 0 0 0 0 0 0 0 0 0 0 0 0 0 0 0 0 0 0 0 0 0 0 0 0 0 0 0 0 0 0
  0 0 0 0 0 0 0 0 0 0 0 0 0 0 0 0 0 0 0 0 0 0 0 0 0 0 0 0 0 0 0 0 0 0 0
  0 0 0 0 0 0 0 0 0 0 0 0 0 0 0 0 0 0 0 0 0 0 0 0 0 0 0 0 0 0 0 0 0 0 0
  0 0 0 0 0 0 0 0 0 0 0 0 0 0 0 0 0 0 0 0 0 0 0 0 0 0 0 0 0 0 0 0 0 0 0
  0 0 0 0 0 0 0 0 0 0 0 0 0 0 0 0 0 0 0 0</cat_ofs>
<class_labels>
  -1 1</class_labels>
<missing_subst>
  0. 0. 0. 0. 0. 0. 0. 0. 0. 0. 0. 0. 0. 0. 0. 0. 0. 0. 0. 0. 0. 0. 0.
  0. 0. 0. 0. 0. 0. 0. 0. 0. 0. 0. 0. 0. 0. 0. 0. 0. 0. 0. 0. 0. 0. 0.
  0. 0. 0. 0. 0. 0. 0. 0. 0. 0. 0. 0. 0. 0. 0. 0. 0. 0. 0. 0. 0. 0. 0.
  0. 0. 0. 0. 0. 0. 0. 0. 0. 0. 0. 0.</missing_subst>
<ntrees>200</ntrees>
<trees>
  <_>
    <nodes>
      <_>
        <depth>0</depth>
        <value>-1.3428661400916171e+00</value>
        <splits>
          <_><var>17</var>
            <quality>7.7058207988739014e-01</quality>
            <le>1.1042903900146484e+01</le></_></splits></_>
      <_>
        <depth>1</depth>
        <value>-1.5023541347779099e+00</value></_>
      <_>
        <depth>1</depth>
        <value>-6.6876436374854276e-01</value></_></nodes></_>
  <_>
    <nodes>
      <_>
        <depth>0</depth>
        <value>6.4378173488468738e-09</value>
        <splits>
          <_><var>35</var>
            <quality>6.4065478742122650e-02</quality>
            <le>8.4108581542968750e+00</le></_></splits></_>
      <_>
        <depth>1</depth>
        <value>-1.3273709896722191e-01</value></_>
      <_>
        <depth>1</depth>
        <value>5.3013024788180585e-01</value></_></nodes></_>
  <_>
    <nodes>
      <_>
        <depth>0</depth>
        <value>-2.7914268752243425e-09</value>
        <splits>
          <_><var>57</var>
            <quality>4.3063051998615265e-02</quality>
            <le>-5.7203102111816406e+00</le></_></splits></_>
      <_>
        <depth>1</depth>
        <value>9.5902272655445833e-02</value></_>
      <_>
        <depth>1</depth>
        <value>-4.8520991096449101e-01</value></_></nodes></_>
  <_>
    <nodes>
      <_>
        <depth>0</depth>
        <value>1.0884411138311217e-09</value>
        <splits>
          <_><var>9</var>
            <quality>2.5593217462301254e-02</quality>
            <le>1.3781602859497070e+01</le></_></splits></_>
      <_>
        <depth>1</depth>
        <value>-7.3669749128829939e-02</value></_>
      <_>
        <depth>1</depth>
        <value>3.6320385663379490e-01</value></_></nodes></_>
  <_>
    <nodes>
      <_>
        <depth>0</depth>
        <value>-1.6370362869875569e-09</value>
        <splits>
          <_><var>15</var>
            <quality>2.2444499656558037e-02</quality>
            <le>1.4362778663635254e+01</le></_></splits></_>
      <_>
        <depth>1</depth>
        <value>-6.3483317402609901e-02</value></_>
      <_>
        <depth>1</depth>
        <value>3.7003736860616659e-01</value></_></nodes></_>
  <_>
    <nodes>
      <_>
        <depth>0</depth>
        <value>4.9525313627324534e-02</value>
        <splits>
          <_><var>57</var>
            <quality>2.5469861924648285e-02</quality>
            <le>2.0002126693725586e+00</le></_></splits></_>
      <_>
        <depth>1</depth>
        <value>-5.6227813399559361e-03</value></_>
      <_>
        <depth>1</depth>
        <value>5.3742356693259830e-01</value></_></nodes></_>
  <_>
    <nodes>
      <_>
        <depth>0</depth>
        <value>-7.3737878625082381e-02</value>
        <splits>
          <_><var>57</var>
            <quality>3.3396352082490921e-02</quality>
            <le>2.0002126693725586e+00</le></_></splits></_>
      <_>
        <depth>1</depth>
        <value>1.0858201643530953e-03</value></_>
      <_>
        <depth>1</depth>
        <value>-4.8571010227184785e-01</value></_></nodes></_>
  <_>
    <nodes>
      <_>
        <depth>0</depth>
        <value>1.0940413755974712e-04</value>
        <splits>
          <_><var>77</var>
            <quality>2.0209193229675293e-02</quality>
            <le>-5.3992996215820313e+00</le></_></splits></_>
      <_>
        <depth>1</depth>
        <value>6.2545443041561816e-02</value></_>
      <_>
        <depth>1</depth>
        <value>-3.3754718020160585e-01</value></_></nodes></_>
  <_>
    <nodes>
      <_>
        <depth>0</depth>
        <value>4.8623736028262934e-02</value>
        <splits>
          <_><var>57</var>
            <quality>2.5545988231897354e-02</quality>
            <le>9.4993925094604492e-01</le></_></splits></_>
      <_>
        <depth>1</depth>
        <value>-7.3214264511466216e-03</value></_>
      <_>
        <depth>1</depth>
        <value>5.3236789272287066e-01</value></_></nodes></_>
  <_>
    <nodes>
      <_>
        <depth>0</depth>
        <value>-4.7798492134737122e-02</value>
        <splits>
          <_><var>57</var>
            <quality>3.7912789732217789e-02</quality>
            <le>4.1963517665863037e-01</le></_></splits></_>
      <_>
        <depth>1</depth>
        <value>4.1966699925988178e-02</value></_>
      <_>
        <depth>1</depth>
        <value>-4.9917407144822629e-01</value></_></nodes></_>
  <_>
    <nodes>
      <_>
        <depth>0</depth>
        <value>-2.1967768959378339e-02</value>
        <splits>
          <_><var>37</var>
            <quality>1.7530376091599464e-02</quality>
            <le>2.4750152587890625e+01</le></_></splits></_>
      <_>
        <depth>1</depth>
        <value>-7.3566214338819269e-02</value></_>
      <_>
        <depth>1</depth>
        <value>3.2641229705566494e-01</value></_></nodes></_>
  <_>
    <nodes>
      <_>
        <depth>0</depth>
        <value>3.1978955602974743e-02</value>
        <splits>
          <_><var>57</var>
            <quality>2.1564280614256859e-02</quality>
            <le>3.3306918144226074e+00</le></_></splits></_>
      <_>
        <depth>1</depth>
        <value>-1.8964275053751745e-02</value></_>
      <_>
        <depth>1</depth>
        <value>4.9184052497537001e-01</value></_></nodes></_>
  <_>
    <nodes>
      <_>
        <depth>0</depth>
        <value>-4.8789854586248196e-02</value>
        <splits>
          <_><var>14</var>
            <quality>2.1667564287781715e-02</quality>
            <le>-4.6134223937988281e+00</le></_></splits></_>
      <_>
        <depth>1</depth>
        <value>1.6155172314386648e-02</value></_>
      <_>
        <depth>1</depth>
        <value>-3.6959625463854234e-01</value></_></nodes></_>
  <_>
    <nodes>
      <_>
        <depth>0</depth>
