<?xml version="1.0"?>
<opencv_storage>
<format>3</format>
<is_classifier>1</is_classifier>
<var_all>81</var_all>
<var_count>80</var_count>
<ord_var_count>80</ord_var_count>
<cat_var_count>1</cat_var_count>
<training_params>
  <boosting_type>RealAdaboost</boosting_type>
  <use_surrogates>0</use_surrogates>
  <max_categories>10</max_categories>
  <regression_accuracy>9.9999997764825821e-03</regression_accuracy>
  <max_depth>1</max_depth>
  <min_sample_count>10</min_sample_count>
  <cross_validation_folds>0</cross_validation_folds>
  <priors type_id="opencv-matrix">
    <rows>2</rows>
    <cols>1</cols>
    <dt>d</dt>
    <data>
      1.4960000000002026e+04 3906.</data></priors>
  <weight_trimming_rate>9.4999999999999996e-01</weight_trimming_rate></training_params>
<global_var_idx>1</global_var_idx>
<var_idx>
  0 1 2 3 4 5 6 7 8 9 10 11 12 13 14 15 16 17 18 19 20 21 22 23 24 25 26
  27 28 29 30 31 32 33 34 35 36 37 38 39 40 41 42 43 44 45 46 47 48 49
  50 51 52 53 54 55 56 57 58 59 60 61 62 63 64 65 66 67 68 69 70 71 72
  73 74 75 76 77 78 79</var_idx>
<var_type>
  0 0 0 0 0 0 0 0 0 0 0 0 0 0 0 0 0 0 0 0 0 0 0 0 0 0 0 0 0 0 0 0 0 0 0
  0 0 0 0 0 0 0 0 0 0 0 0 0 0 0 0 0 0 0 0 0 0 0 0 0 0 0 0 0 0 0 0 0 0 0
  0 0 0 0 0 0 0 0 0 0 1</var_type>
<cat_ofs>
  0 0 0 0 0 0 0 0 0 0 0 0 0 0 0 0 0 0 0 0 0 0 0 0 0 0 0 0 0 0 0 0 0 0 0
  0 0 0 0 0 0 0 0 0 0 0 0 0 0 0 0 0 0 0 0 0 0 0 0 0 0 0 0 0 0 0 0 0 0 0
  0 0 0 0 0 0 0 0 0 0 0 0 0 0 0 0 0 0 0 0 0 0 0 0 0 0 0 0 0 0 0 0 0 0 0
  0 0 0 0 0 0 0 0 0 0 0 0 0 0 0 0 0 0 0 0 0 0 0 0 0 0 0 0 0 0 0 0 0 0 0
  0 0 0 0 0 0 0 0 0 0 0 0 0 0 0 0 0 0 0 0</cat_ofs>
<class_labels>
  -1 1</class_labels>
<missing_subst>
  0. 0. 0. 0. 0. 0. 0. 0. 0. 0. 0. 0. 0. 0. 0. 0. 0. 0. 0. 0. 0. 0. 0.
  0. 0. 0. 0. 0. 0. 0. 0. 0. 0. 0. 0. 0. 0. 0. 0. 0. 0. 0. 0. 0. 0. 0.
  0. 0. 0. 0. 0. 0. 0. 0. 0. 0. 0. 0. 0. 0. 0. 0. 0. 0. 0. 0. 0. 0. 0.
  0. 0. 0. 0. 0. 0. 0. 0. 0. 0. 0. 0.</missing_subst>
<ntrees>200</ntrees>
<trees>
  <_>
    <nodes>
      <_>
        <depth>0</depth>
        <value>-1.3428661400916171e+00</value>
        <splits>
          <_><var>71</var>
            <quality>7.7701175212860107e-01</quality>
            <le>1.3622156143188477e+01</le></_></splits></_>
      <_>
        <depth>1</depth>
        <value>-1.4111935684469481e+00</value></_>
      <_>
        <depth>1</depth>
        <value>1.6908646157906587e-01</value></_></nodes></_>
  <_>
    <nodes>
      <_>
        <depth>0</depth>
        <value>-1.5600842176396153e-02</value>
        <splits>
          <_><var>10</var>
            <quality>5.6985478848218918e-02</quality>
            <le>6.7036170959472656e+00</le></_></splits></_>
      <_>
        <depth>1</depth>
        <value>-8.6736380161786586e-02</value></_>
      <_>
        <depth>1</depth>
        <value>1.0903945031163205e+00</value></_></nodes></_>
  <_>
    <nodes>
      <_>
        <depth>0</depth>
        <value>1.5332312778769244e-02</value>
        <splits>
          <_><var>0</var>
            <quality>5.5769871920347214e-02</quality>
            <le>-1.2164607048034668e+00</le></_></splits></_>
      <_>
        <depth>1</depth>
        <value>7.8852331273774126e-02</value></_>
      <_>
        <depth>1</depth>
        <value>-1.3000729236798121e+00</value></_></nodes></_>
  <_>
    <nodes>
      <_>
        <depth>0</depth>
        <value>2.6366768654898956e-03</value>
        <splits>
          <_><var>28</var>
            <quality>4.7511957585811615e-02</quality>
            <le>3.4691321849822998e-01</le></_></splits></_>
      <_>
        <depth>1</depth>
        <value>5.5408380674372738e-02</value></_>
      <_>
        <depth>1</depth>
        <value>-1.6484990307932939e+00</value></_></nodes></_>
  <_>
    <nodes>
      <_>
        <depth>0</depth>
        <value>1.0993869918737862e-02</value>
        <splits>
          <_><var>21</var>
            <quality>3.5575117915868759e-02</quality>
            <le>8.9688005447387695e+00</le></_></splits></_>
      <_>
        <depth>1</depth>
        <value>-4.1216941501677616e-02</value></_>
      <_>
        <depth>1</depth>
        <value>9.0777895914049855e-01</value></_></nodes></_>
  <_>
    <nodes>
      <_>
        <depth>0</depth>
        <value>-2.2436632832122843e-03</value>
        <splits>
          <_><var>11</var>
            <quality>2.3156829178333282e-02</quality>
            <le>1.3203610420227051e+01</le></_></splits></_>
      <_>
        <depth>1</depth>
        <value>2.7214632258940424e-02</value></_>
      <_>
        <depth>1</depth>
        <value>-1.1684397580679282e+00</value></_></nodes></_>
  <_>
    <nodes>
      <_>
        <depth>0</depth>
        <value>2.3273380147125221e-02</value>
        <splits>
          <_><var>59</var>
            <quality>1.9567189738154411e-02</quality>
            <le>-1.1938126087188721e+00</le></_></splits></_>
      <_>
        <depth>1</depth>
        <value>5.4161156946329024e-02</value></_>
      <_>
        <depth>1</depth>
        <value>-7.2394952451923988e-01</value></_></nodes></_>
  <_>
    <nodes>
      <_>
        <depth>0</depth>
        <value>1.3675007365641180e-02</value>
        <splits>
          <_><var>0</var>
            <quality>1.8899101763963699e-02</quality>
            <le>1.0642499923706055e+01</le></_></splits></_>
      <_>
        <depth>1</depth>
        <value>-8.0875271340898822e-03</value></_>
      <_>
        <depth>1</depth>
        <value>1.5742437968962941e+00</value></_></nodes></_>
  <_>
    <nodes>
      <_>
        <depth>0</depth>
        <value>-4.9974195627434839e-02</value>
        <splits>
          <_><var>0</var>
            <quality>4.0942605584859848e-02</quality>
            <le>-4.1257584095001221e-01</le></_></splits></_>
      <_>
        <depth>1</depth>
        <value>2.1521296924672989e-04</value></_>
      <_>
        <depth>1</depth>
        <value>-1.2514097630186038e+00</value></_></nodes></_>
  <_>
    <nodes>
      <_>
        <depth>0</depth>
        <value>1.4402806262609731e-02</value>
        <splits>
          <_><var>22</var>
            <quality>1.8881862983107567e-02</quality>
            <le>1.0131793022155762e+01</le></_></splits></_>
      <_>
        <depth>1</depth>
        <value>-2.0851190524756091e-02</value></_>
      <_>
        <depth>1</depth>
        <value>6.5102258945494862e-01</value></_></nodes></_>
  <_>
    <nodes>
      <_>
        <depth>0</depth>
        <value>-2.8482062015044865e-03</value>
        <splits>
          <_><var>35</var>
            <quality>1.7041608691215515e-02</quality>
            <le>4.1331336975097656e+01</le></_></splits></_>
      <_>
        <depth>1</depth>
        <value>-2.9958017181328091e-02</value></_>
      <_>
        <depth>1</depth>
        <value>7.9055607949370477e-01</value></_></nodes></_>
  <_>
    <nodes>
      <_>
        <depth>0</depth>
        <value>-2.6668302853238316e-03</value>
        <splits>
          <_><var>55</var>
            <quality>1.4287065714597702e-02</quality>
            <le>2.9373497009277344e+01</le></_></splits></_>
      <_>
        <depth>1</depth>
        <value>-3.0423046498831374e-02</value></_>
      <_>
        <depth>1</depth>
        <value>6.0276026666690474e-01</value></_></nodes></_>
  <_>
    <nodes>
      <_>
        <depth>0</depth>
        <value>-4.9543254854857242e-04</value>
        <splits>
          <_><var>45</var>
            <quality>1.3879841193556786e-02</quality>
            <le>-1.4432978630065918e-01</le></_></splits></_>
      <_>
        <depth>1</depth>
        <value>2.1422858643047264e-02</value></_>
      <_>
        <depth>1</depth>
        <value>-8.0531841715154706e-01</value></_></nodes></_>
  <_>
    <nodes>
      <_>
        <depth>0</depth>
