<?xml version="1.0"?>
<opencv_storage>
<centroids>
  <_>
    1.45442457e+01 6.69845886e+01 7. 0. -1. -1.</_>
  <_>
    2.38635578e+01 1.62978363e+01 7. 0. -1. -1.</_>
  <_>
    4.05214157e+01 4.35126152e+01 7. 0. -1. -1.</_>
  <_>
    2.30568008e+01 1.10401550e+02 7. 0. -1. -1.</_>
  <_>
    4.66571121e+01 1.20667084e+02 7. 0. -9.99999940e-01 -9.99999940e-01</_>
  <_>
    4.65863037e+01 8.96016312e+01 7. 0. -1. -1.</_>
  <_>
    4.16761398e+01 1.56541567e+01 7. 0. -1. -1.</_>
  <_>
    1.40063953e+01 2.75821629e+01 7. 0. -1. -1.</_>
  <_>
    2.29761162e+01 5.29989815e+01 7. 0. -1. -1.</_>
  <_>
    4.75559044e+01 7.13658066e+01 7. 0. -1. -1.</_>
  <_>
    6.27780819e+00 8.87378387e+01 7. 0. -1. -1.</_>
  <_>
    7.15384245e+00 1.19755081e+02 7. 0. -1. -1.</_>
  <_>
    2.77853603e+01 9.18437958e+01 7. 0. -1. -1.</_>
  <_>
    5.64748573e+01 3.09463482e+01 7. 0. -1. -1.</_>
  <_>
    1.45880327e+01 5.74338722e+01 7. 0. -1. -1.</_>
  <_>
    1.35570078e+01 7.01550341e+00 7. 0. -1. -1.</_>
  <_>
    5.69517555e+01 5.05668335e+01 7. 0. -1. -1.</_>
  <_>
    5.56954536e+01 6.09810686e+00 7. 0. -1. -1.</_>
  <_>
    5.60950966e+01 7.79956665e+01 7. 0. -1. -1.</_>
  <_>
    4.54770126e+01 9.79818115e+01 7. 0. -1. -1.</_>
  <_>
    5.90890026e+00 1.08919830e+02 7. 0. -1. -1.</_>
  <_>
    3.73342209e+01 9.38163986e+01 7.00000048e+00 0. -1. -1.</_>
  <_>
    3.70561638e+01 6.50527048e+00 7. 0. -1. -1.</_>
  <_>
    2.21319427e+01 2.57085094e+01 7. 0. -1. -1.</_>
  <_>
    6.13776970e+00 4.24250221e+01 7. 0. -1. -1.</_>
  <_>
    5.72146873e+01 1.41138391e+01 7. 0. -9.99999940e-01 -9.99999940e-01</_>
  <_>
    6.27437639e+00 6.10712280e+01 7. 0. -1. -1.</_>
  <_>
    2.35343990e+01 8.40910416e+01 7. 0. -1. -1.</_>
  <_>
    2.90108414e+01 7.70305939e+01 7. 0. -1. -1.</_>
  <_>
    3.96042862e+01 5.34287643e+01 7. 0. -1. -1.</_>
  <_>
    4.74080086e+01 2.62056408e+01 7. 0. -1. -1.</_>
  <_>
    2.64196434e+01 1.20185707e+02 7. 0. -1. -1.</_>
  <_>
    1.69398479e+01 9.27340469e+01 7. 0. -1. -1.</_>
  <_>
    3.15683727e+01 3.99164162e+01 7. 0. -1. -1.</_>
  <_>
    2.25771236e+01 3.48750458e+01 7. 0. -1. -1.</_>
  <_>
    3.95224648e+01 3.34771194e+01 7. 0. -1. -1.</_>
  <_>
    2.09396286e+01 7.12046766e+00 7. 0. -1. -1.</_>
  <_>
    6.24473047e+00 2.37492237e+01 7. 0. -1. -1.</_>
  <_>
    5.64413300e+01 1.20737106e+02 6.99999952e+00 0. -9.99999940e-01
    -9.99999940e-01</_>
  <_>
    3.65323944e+01 1.20391998e+02 7. 0. -1. -1.</_>
  <_>
    3.32359123e+01 1.49937420e+01 7. 0. -1. -1.</_>
  <_>
    5.65419846e+01 6.88718872e+01 7. 0. -9.99999940e-01 -9.99999940e-01</_>
  <_>
    4.29699516e+01 1.12867889e+02 7. 0. -1. -1.</_>
  <_>
    4.79587517e+01 5.33403435e+01 7. 0. -1. -1.</_>
  <_>
    3.19501553e+01 6.74897919e+01 7. 0. -1. -1.</_>
  <_>
    4.94586563e+01 4.50544472e+01 7. 0. -1. -1.</_>
  <_>
    1.52399044e+01 1.74248714e+01 7. 0. -1. -1.</_>
  <_>
    3.87459412e+01 7.47507095e+01 7. 0. -1. -1.</_>
  <_>
    6.29646158e+00 9.81783905e+01 7. 0. -1. -1.</_>
  <_>
    5.68006439e+01 5.98609772e+01 7. 0. -1. -1.</_>
  <_>
    2.27932720e+01 4.39216728e+01 7. 0. -1. -1.</_>
  <_>
    3.22380257e+01 1.11751244e+02 7. 0. -1. -1.</_>
  <_>
    5.62428551e+01 2.24023571e+01 7. 0. -1. -1.</_>
  <_>
    6.22807169e+00 5.20328484e+01 7. 0. -1. -1.</_>
  <_>
    4.89334679e+01 1.05445808e+02 7.00000048e+00 0. -1. -1.</_>
  <_>
    3.18442783e+01 5.80366974e+01 7. 0. -1. -1.</_>
  <_>
    6.43038940e+00 7.88824692e+01 7. 0. -1. -1.</_>
  <_>
    1.38727627e+01 8.47395477e+01 7. 0. -1. -1.</_>
  <_>
    5.62087936e+01 8.68808517e+01 7. 0. -1. -1.</_>
  <_>
    5.73078394e+00 6.29398537e+00 7. 0. -1. -1.</_>
  <_>
    5.70255928e+01 4.03938560e+01 7. 0. -1. -1.</_>
  <_>
    3.08837566e+01 3.07859764e+01 7. 0. -1. -1.</_>
  <_>
    3.07694817e+01 1.01230110e+02 7.00000048e+00 0. -1. -1.</_>
  <_>
    3.87920609e+01 2.38290443e+01 7. 0. -1. -1.</_>
  <_>
    5.46206436e+01 1.13200111e+02 7. 0. -1. -1.</_>
  <_>
    1.71601410e+01 1.20092216e+02 7. 0. -1. -1.</_>
  <_>
    5.59345398e+01 9.60756989e+01 7. 0. -1. -1.</_>
  <_>
    4.62128677e+01 8.11971130e+01 7. 0. -1. -1.</_>
  <_>
    4.00404587e+01 6.38500061e+01 7. 0. -1. -1.</_>
  <_>
    6.47777843e+00 1.49462423e+01 7. 0. -1. -1.</_>
  <_>
    1.44180784e+01 3.76619606e+01 7. 0. -1. -1.</_>
  <_>
    5.74921455e+01 1.05111641e+02 7.00000048e+00 0. -1. -1.</_>
  <_>
    3.56536674e+01 8.45475464e+01 7. 0. -1. -1.</_>
  <_>
    1.41179667e+01 1.11283012e+02 6.99999952e+00 0. -9.99999940e-01
    -9.99999940e-01</_>
  <_>
    6.21429729e+00 3.29839134e+01 7. 0. -1. -1.</_>
  <_>
    4.59575043e+01 6.52745962e+00 7. 0. -1. -1.</_>
  <_>
    3.87834740e+01 1.04742577e+02 6.99999952e+00 0. -9.99999940e-01
    -9.99999940e-01</_>
  <_>
    2.29492416e+01 7.08040924e+01 7.00000048e+00 0. -1. -1.</_>
  <_>
    4.81729774e+01 3.62094231e+01 7. 0. -1. -1.</_>
  <_>
    6.30237627e+00 7.01163177e+01 7. 0. -1. -1.</_>
  <_>
    4.82547874e+01 6.18765144e+01 7. 0. -1. -1.</_>
  <_>
    2.32540054e+01 6.20065308e+01 7. 0. -1. -1.</_>
  <_>
    3.02199802e+01 2.25302238e+01 7. 0. -1. -1.</_>
  <_>
    3.15564842e+01 4.88313293e+01 7. 0. -1. -1.</_>
  <_>
    4.92981644e+01 1.57187748e+01 7. 0. -1. -1.</_>
  <_>
    2.83945789e+01 6.89663506e+00 7. 0. -1. -1.</_>
  <_>
    1.43233948e+01 4.75200005e+01 7. 0. -1. -1.</_>
  <_>
    1.39465389e+01 1.02064133e+02 7. 0. -9.99999940e-01 -9.99999940e-01</_>
  <_>
    2.23649044e+01 1.00630836e+02 7. 0. -1. -1.</_>
  <_>
    1.61533566e+01 7.64157181e+01 7. 0. -1. -1.</_></centroids>
</opencv_storage>
