<?xml version="1.0"?>
<opencv_storage>
<centroids>
  <_>
    1.30702696e+01 5.24670715e+01</_>
  <_>
    4.81891327e+01 2.46554260e+01</_>
  <_>
    4.85446968e+01 1.22336037e+02</_>
  <_>
    3.03606281e+01 7.95167007e+01</_>
  <_>
    1.47776175e+01 3.10579453e+01</_>
  <_>
    2.55676517e+01 1.08459534e+02</_>
  <_>
    5.81411438e+01 8.31048965e+01</_>
  <_>
    1.50866213e+01 1.02793602e+02</_>
  <_>
    1.72550602e+01 3.98528671e+00</_>
  <_>
    5.80680161e+01 5.14801521e+01</_>
  <_>
    3.76603584e+01 5.61011267e+00</_>
  <_>
    5.89811249e+01 1.03974503e+02</_>
  <_>
    5.80309219e+01 5.89330673e+00</_>
  <_>
    5.00353670e+00 5.86969681e+01</_>
  <_>
    1.41104031e+01 7.88686981e+01</_>
  <_>
    3.22331161e+01 4.03305244e+01</_>
  <_>
    5.78019257e+01 6.16121368e+01</_>
  <_>
    4.83506889e+01 5.67062035e+01</_>
  <_>
    2.23644485e+01 2.27266083e+01</_>
  <_>
    4.14858971e+01 1.05038078e+02</_>
  <_>
    2.80507870e+01 6.29875793e+01</_>
  <_>
    4.97862625e+01 3.48367805e+01</_>
  <_>
    5.35267782e+00 4.46528959e+00</_>
  <_>
    4.24323416e+00 1.21426994e+02</_>
  <_>
    5.82595863e+01 1.22420219e+02</_>
  <_>
    4.97621822e+00 3.59490280e+01</_>
  <_>
    4.95704231e+01 7.69311905e+01</_>
  <_>
    3.03255768e+01 1.21240639e+02</_>
  <_>
    5.71943855e+01 9.37110672e+01</_>
  <_>
    1.63802357e+01 1.12630859e+02</_>
  <_>
    1.41655655e+01 9.17560196e+01</_>
  <_>
    1.28238382e+01 1.21766914e+02</_>
  <_>
    4.72123566e+01 5.04384232e+00</_>
  <_>
    5.82802696e+01 2.98202782e+01</_>
  <_>
    1.33390799e+01 2.03341064e+01</_>
  <_>
    3.84243240e+01 5.98423004e+01</_>
  <_>
    4.77844696e+01 8.71363373e+01</_>
  <_>
    2.52701530e+01 3.32631340e+01</_>
  <_>
    4.72963858e+00 4.68837090e+01</_>
  <_>
    5.83909340e+01 1.88672657e+01</_>
  <_>
    3.93009338e+01 4.91924019e+01</_>
  <_>
    4.03334084e+01 8.00387497e+01</_>
  <_>
    2.21841564e+01 1.21268364e+02</_>
  <_>
    5.05845985e+01 1.03121696e+02</_>
  <_>
    2.05118752e+01 5.67369003e+01</_>
  <_>
    3.16748734e+01 2.42720642e+01</_>
  <_>
    3.40034180e+01 8.98616943e+01</_>
  <_>
    2.42647305e+01 9.64234390e+01</_>
  <_>
    4.80459499e+00 7.94479675e+01</_>
  <_>
    3.16217823e+01 1.46139688e+01</_>
  <_>
    4.95939255e+00 9.99361496e+01</_>
  <_>
    4.77885818e+00 2.51337585e+01</_>
  <_>
    4.40708113e+00 1.46011438e+01</_>
  <_>
    5.82870026e+01 4.10784264e+01</_>
  <_>
    3.58610420e+01 7.03426514e+01</_>
  <_>
    2.27085705e+01 4.46150627e+01</_>
  <_>
    2.30385132e+01 7.22320938e+01</_>
  <_>
    4.60577888e+01 1.13401138e+02</_>
  <_>
    3.85929260e+01 2.96695118e+01</_>
  <_>
    4.14980698e+01 3.89047623e+01</_>
  <_>
    1.41821184e+01 4.15243683e+01</_>
  <_>
    5.04032326e+01 1.39744205e+01</_>
  <_>
    1.26010818e+01 1.09500074e+01</_>
  <_>
    1.47389250e+01 6.58267670e+01</_>
  <_>
    4.70164452e+01 6.74879684e+01</_>
  <_>
    2.25422955e+01 8.53498230e+01</_>
  <_>
    5.15938854e+00 6.95788422e+01</_>
  <_>
    4.94473934e+00 8.92743454e+01</_>
  <_>
    3.34954262e+01 1.00582718e+02</_>
  <_>
    5.54174614e+00 1.10734077e+02</_>
  <_>
    3.89447212e+01 1.21865021e+02</_>
  <_>
    4.89596825e+01 4.60296707e+01</_>
  <_>
    2.21361923e+01 1.28928013e+01</_>
  <_>
    3.48564606e+01 1.12170349e+02</_>
  <_>
    5.81497040e+01 7.17365036e+01</_>
  <_>
    4.08509865e+01 1.72581024e+01</_>
  <_>
    2.97064934e+01 5.19823761e+01</_>
  <_>
    5.70077209e+01 1.13439758e+02</_>
  <_>
    4.37621651e+01 9.51264954e+01</_>
  <_>
    2.77785683e+01 4.62747335e+00</_></centroids>
</opencv_storage>
