<?xml version="1.0"?>
<opencv_storage>
<centroids>
  <_>
    4.09223595e+01 1.38936472e+01</_>
  <_>
    1.41321993e+01 1.13572151e+02</_>
  <_>
    5.07035904e+01 4.97968559e+01</_>
  <_>
    5.43134451e+00 5.44735222e+01</_>
  <_>
    5.74221497e+01 1.09973877e+02</_>
  <_>
    1.06516638e+01 2.12472286e+01</_>
  <_>
    2.46934509e+01 7.46575775e+01</_>
  <_>
    4.79579086e+01 2.03327084e+01</_>
  <_>
    3.20259399e+01 3.23875122e+01</_>
  <_>
    3.90924873e+01 1.00323204e+02</_>
  <_>
    5.81080742e+01 6.55275040e+01</_>
  <_>
    4.99014711e+00 8.62282867e+01</_>
  <_>
    4.99061203e+01 3.92774658e+01</_>
  <_>
    2.51938419e+01 6.40282516e+01</_>
  <_>
    2.83213043e+01 2.19189320e+01</_>
  <_>
    4.81416359e+01 9.22771530e+01</_>
  <_>
    1.48858414e+01 6.98602982e+01</_>
  <_>
    1.34270248e+01 3.92237625e+01</_>
  <_>
    5.78447113e+01 5.33511829e+00</_>
  <_>
    1.61647625e+01 4.68433189e+00</_>
  <_>
    2.48482399e+01 1.12702637e+02</_>
  <_>
    5.07206841e+01 7.94979553e+01</_>
  <_>
    2.71060658e+01 4.87811041e+00</_>
  <_>
    3.46038055e+01 9.13503342e+01</_>
  <_>
    1.54560699e+01 5.89519043e+01</_>
  <_>
    1.39544725e+01 9.14879379e+01</_>
  <_>
    4.32870636e+01 7.40881729e+01</_>
  <_>
    4.70924911e+01 4.78347063e+00</_>
  <_>
    1.30734148e+01 1.26563864e+01</_>
  <_>
    5.84576378e+01 4.39794464e+01</_>
  <_>
    5.79101524e+01 8.69801636e+01</_>
  <_>
    5.85783081e+01 1.54316549e+01</_>
  <_>
    3.81158676e+01 2.41050224e+01</_>
  <_>
    2.78718815e+01 1.02576180e+02</_>
  <_>
    4.49789696e+01 5.81993256e+01</_>
  <_>
    1.52166824e+01 4.85683861e+01</_>
  <_>
    4.90493507e+01 1.02546547e+02</_>
  <_>
    2.49217358e+01 5.24885330e+01</_>
  <_>
    3.28838005e+01 4.44580956e+01</_>
  <_>
    5.79731369e+01 3.33054466e+01</_>
  <_>
    5.24012518e+00 7.49120026e+01</_>
  <_>
    1.95797291e+01 1.22255653e+02</_>
  <_>
    5.80862274e+01 9.82558517e+01</_>
  <_>
    5.43106031e+00 6.44078751e+01</_>
  <_>
    4.58058128e+01 1.11617561e+02</_>
  <_>
    3.61007538e+01 6.72542114e+01</_>
  <_>
    1.56934748e+01 1.03005058e+02</_>
  <_>
    5.82635689e+01 7.54761200e+01</_>
  <_>
    4.77633972e+01 2.91107960e+01</_>
  <_>
    1.50146246e+01 8.08955688e+01</_>
  <_>
    1.88435497e+01 2.16749191e+01</_>
  <_>
    5.77910843e+01 5.55041618e+01</_>
  <_>
    3.38883820e+01 7.92147293e+01</_>
  <_>
    5.05678635e+01 1.20945730e+01</_>
  <_>
    5.44598246e+00 5.19223356e+00</_>
  <_>
    3.44954910e+01 5.65036507e+01</_>
  <_>
    4.23647957e+01 8.46371002e+01</_>
  <_>
    2.49758930e+01 8.54778061e+01</_>
  <_>
    4.94803476e+00 4.46579170e+01</_>
  <_>
    6.06284475e+00 1.21275612e+02</_>
  <_>
    3.55236397e+01 1.10873589e+02</_>
  <_>
    5.71360092e+01 1.20956558e+02</_>
  <_>
    1.27511940e+01 3.00916405e+01</_>
  <_>
    3.22757416e+01 1.32227249e+01</_>
  <_>
    2.22349300e+01 3.09133167e+01</_>
  <_>
    4.55527878e+01 1.21462868e+02</_>
  <_>
    5.11928749e+00 1.09071793e+02</_>
  <_>
    4.18116989e+01 4.78431320e+01</_>
  <_>
    3.74914665e+01 4.98077393e+00</_>
  <_>
    3.86585927e+00 2.47694321e+01</_>
  <_>
    5.76043968e+01 2.42203407e+01</_>
  <_>
    5.32005739e+00 9.79903259e+01</_>
  <_>
    4.23302794e+00 1.45149002e+01</_>
  <_>
    4.90674133e+01 6.63660049e+01</_>
  <_>
    2.24697895e+01 1.27745485e+01</_>
  <_>
    3.32006493e+01 1.21490578e+02</_>
  <_>
    2.35471230e+01 4.08087807e+01</_>
  <_>
    4.08315430e+01 3.66770248e+01</_>
  <_>
    2.31737862e+01 9.47160492e+01</_>
  <_>
    4.43420649e+00 3.45126724e+01</_></centroids>
</opencv_storage>
