<?xml version="1.0"?>
<opencv_storage>
<centroids>
  <_>
    2.67859344e+01 2.05078506e+01 8.39247608e+00 7.45053291e-01
    3.26422119e+00 -1.</_>
  <_>
    2.02614422e+01 6.73426285e+01 1.48813171e+01 3.33918381e+00
    3.42079735e+00 -1.</_>
  <_>
    4.15826378e+01 1.15484291e+02 8.10461903e+00 5.95946372e-01
    3.62336016e+00 -9.99999940e-01</_>
  <_>
    3.74239998e+01 4.32922821e+01 8.92844296e+00 9.77587700e-01
    3.22969556e+00 -1.</_>
  <_>
    3.85826683e+01 1.03697418e+02 1.62518349e+01 3.75470495e+00
    3.52919054e+00 -1.</_>
  <_>
    4.30336380e+01 7.37604218e+01 1.08631353e+01 1.77580535e+00
    3.32595468e+00 -1.</_>
  <_>
    1.20617018e+01 9.51235657e+01 8.36331558e+00 7.27852404e-01
    3.41759109e+00 -1.</_>
  <_>
    5.14248390e+01 1.18807192e+01 8.08012581e+00 5.83586991e-01
    2.91735148e+00 -1.</_>
  <_>
    1.20718632e+01 1.20242682e+01 8.19393444e+00 6.43788755e-01
    3.11771417e+00 -1.</_>
  <_>
    2.91383171e+01 4.98274193e+01 9.05497837e+00 1.02840817e+00
    3.40499210e+00 -1.</_>
  <_>
    1.18746614e+01 5.08212051e+01 8.39095402e+00 7.41734922e-01
    3.28811193e+00 -9.99999940e-01</_>
  <_>
    3.00283546e+01 8.86215820e+01 9.86261082e+00 1.36090219e+00
    3.20647335e+00 -9.99999940e-01</_>
  <_>
    2.37268143e+01 1.02459930e+02 1.64926281e+01 3.82479072e+00
    3.58399177e+00 -1.</_>
  <_>
    3.78810921e+01 5.40757484e+01 8.65606880e+00 8.55492353e-01
    3.39211822e+00 -1.</_>
  <_>
    4.59038887e+01 9.71674042e+01 1.04058189e+01 1.64181995e+00
    3.31589627e+00 -1.</_>
  <_>
    3.81351204e+01 3.48419609e+01 1.59149733e+01 3.65626645e+00
    3.15173268e+00 -1.</_>
  <_>
    2.22460384e+01 6.40595093e+01 8.35260868e+00 7.21397698e-01
    3.33796740e+00 -1.</_>
  <_>
    1.91671314e+01 2.64063568e+01 9.38012218e+00 1.17712867e+00
    3.28023529e+00 -9.99999940e-01</_>
  <_>
    1.94623661e+01 3.70522118e+01 9.23928833e+00 1.11026955e+00
    3.35692334e+00 -1.</_>
  <_>
    1.22598610e+01 6.83467331e+01 8.43796730e+00 7.66323984e-01
    3.37204289e+00 -1.</_>
  <_>
    1.24233131e+01 1.15315399e+02 8.18567371e+00 6.36508107e-01
    3.65051508e+00 -1.</_>
  <_>
    3.80530167e+01 3.26308479e+01 8.35964203e+00 7.25009501e-01
    3.27886629e+00 -1.</_>
  <_>
    5.04551926e+01 8.26145248e+01 8.35022354e+00 7.20688701e-01
    3.26909900e+00 -9.99999940e-01</_>
  <_>
    3.97563591e+01 2.25636272e+01 1.61561775e+01 3.72658515e+00
    2.83142066e+00 -9.99999940e-01</_>
  <_>
    5.22666359e+01 4.30720711e+01 7.95673370e+00 5.22392809e-01
    3.16016626e+00 -1.</_>
  <_>
    1.22750626e+01 5.97367554e+01 8.46191216e+00 7.78448105e-01
    3.41746140e+00 -1.</_>
  <_>
    4.07518120e+01 1.19965973e+01 8.23909950e+00 6.66079402e-01
    2.97297549e+00 -1.</_>
  <_>
    3.77019653e+01 9.31385651e+01 1.52277861e+01 3.43294907e+00
    3.12772012e+00 -1.</_>
  <_>
    3.18979225e+01 1.23448887e+01 8.42095470e+00 7.58710027e-01
    2.88068342e+00 -1.</_>
  <_>
    5.14774399e+01 1.15088211e+02 8.09433460e+00 5.88474751e-01
    3.56842089e+00 -1.</_>
  <_>
    4.61472588e+01 4.81021385e+01 1.00043736e+01 1.46870923e+00
    3.22406268e+00 -9.99999940e-01</_>
  <_>
    4.17895508e+01 6.43503342e+01 1.52646389e+01 3.45822477e+00
    3.31322122e+00 -1.</_>
  <_>
    1.15649042e+01 2.25459290e+01 8.20708179e+00 6.50477111e-01
    3.39720535e+00 -1.</_>
  <_>
    2.30351963e+01 2.19623528e+01 1.61365852e+01 3.72051787e+00
    3.07144046e+00 -1.</_>
  <_>
    4.58570747e+01 2.71020908e+01 1.00778465e+01 1.49846780e+00
    3.08704734e+00 -1.</_>
  <_>
    3.07209339e+01 6.04290543e+01 1.02752848e+01 1.53117609e+00
    3.48404908e+00 -1.</_>
  <_>
    5.10556984e+01 6.44354858e+01 8.33343506e+00 7.12764621e-01
    3.30168796e+00 -1.</_>
  <_>
    2.39470196e+01 1.15710510e+02 8.13611889e+00 6.10612631e-01
    3.61435723e+00 -1.</_>
  <_>
    2.87129688e+01 3.94284134e+01 9.00145912e+00 1.00559127e+00
    3.26541924e+00 -1.</_>
  <_>
    3.01966381e+01 9.76828766e+01 8.95669746e+00 9.88996744e-01
    3.27952456e+00 -9.99999940e-01</_>
  <_>
    2.37436790e+01 4.55109901e+01 1.59593916e+01 3.66182446e+00
    3.46736288e+00 -1.</_>
  <_>
    3.50170097e+01 8.00596237e+01 9.67910480e+00 1.26744902e+00
    3.20651627e+00 -1.</_>
  <_>
    3.09680252e+01 7.13482132e+01 9.99810410e+00 1.40637612e+00
    3.28958559e+00 -9.99999940e-01</_>
  <_>
    2.04871597e+01 7.35731430e+01 9.23154736e+00 1.11461043e+00
    3.30640650e+00 -1.</_>
  <_>
    1.18700476e+01 3.16301155e+01 8.37759399e+00 7.34118044e-01
    3.46148038e+00 -1.</_>
  <_>
    1.16340561e+01 4.13171005e+01 8.33110714e+00 7.12149799e-01
    3.33276868e+00 -1.</_>
  <_>
    1.97662964e+01 1.00167404e+02 9.48393250e+00 1.21878779e+00
    3.28954411e+00 -1.</_>
  <_>
    4.31229362e+01 8.33865814e+01 1.36875868e+01 2.91083860e+00
    3.31299734e+00 -1.</_>
  <_>
    2.12152176e+01 8.10328140e+01 1.51233292e+01 3.41087532e+00
    3.28290272e+00 -1.</_>
  <_>
    2.80597801e+01 1.07844391e+02 9.90970039e+00 1.40739501e+00
    3.38772345e+00 -1.</_>
  <_>
    2.17198124e+01 3.24870605e+01 1.51603994e+01 3.42171359e+00
    3.33051991e+00 -1.</_>
  <_>
    2.93421822e+01 2.88865433e+01 9.17595863e+00 1.08288968e+00
    3.27116585e+00 -9.99999940e-01</_>
  <_>
    1.19231653e+01 1.04992752e+02 8.34498310e+00 7.19386876e-01
    3.39234591e+00 -1.</_>
  <_>
    5.21662865e+01 2.24753284e+01 7.92520952e+00 5.06340981e-01
    3.15379167e+00 -1.</_>
  <_>
    1.74505005e+01 1.78033123e+01 1.10172634e+01 1.91705382e+00
    3.25498700e+00 -1.</_>
  <_>
    5.14220695e+01 7.33183289e+01 8.26499557e+00 6.75344050e-01
    3.33151603e+00 -9.99999940e-01</_>
  <_>
    3.92309303e+01 5.01717796e+01 1.61698742e+01 3.72891235e+00
    3.32882190e+00 -9.99999940e-01</_>
  <_>
    1.22257357e+01 7.75660782e+01 8.41613483e+00 7.55117774e-01
    3.35915732e+00 -1.</_>
  <_>
    2.41785374e+01 8.20708008e+01 8.28950787e+00 6.89479649e-01
    3.23744607e+00 -1.</_>
  <_>
    2.03564224e+01 5.68984604e+01 1.48795967e+01 3.34132743e+00
    3.50399590e+00 -1.</_>
  <_>
    4.58888435e+01 1.77652359e+01 1.09416876e+01 1.88422120e+00
    3.05288029e+00 -9.99999940e-01</_>
  <_>
    4.60617638e+01 3.80780067e+01 1.02251148e+01 1.56368971e+00
    3.26827359e+00 -9.99999940e-01</_>
  <_>
    3.35741348e+01 1.14160286e+02 9.18213367e+00 1.09087169e+00
    3.61143208e+00 -1.</_>
  <_>
    2.04609108e+01 9.13731079e+01 1.15044003e+01 2.02999711e+00
    3.28616333e+00 -1.</_>
  <_>
    3.85389938e+01 1.03553192e+02 8.37866211e+00 7.34770179e-01
    3.30847597e+00 -1.</_>
  <_>
    1.28078289e+01 8.60983353e+01 8.44138622e+00 7.66002119e-01
    3.33549285e+00 -1.</_>
  <_>
    3.17419987e+01 2.00463657e+01 1.43273535e+01 3.16261458e+00
    2.86322093e+00 -9.99999940e-01</_>
  <_>
    1.85315895e+01 4.60521927e+01 9.97589016e+00 1.44184935e+00
    3.32170844e+00 -1.</_>
  <_>
    3.95845871e+01 6.52229080e+01 8.27172852e+00 6.81596518e-01
    3.43356252e+00 -9.99999940e-01</_>
  <_>
    5.14620667e+01 1.03729965e+02 8.12634087e+00 6.07563853e-01
    3.25547886e+00 -1.</_>
  <_>
    4.53682899e+01 1.09878296e+02 1.14784346e+01 2.11609578e+00
    3.58671165e+00 -1.</_>
  <_>
    2.12147274e+01 5.43809586e+01 8.30624771e+00 6.98872805e-01
    3.40266848e+00 -1.</_>
  <_>
    5.17185555e+01 9.19960861e+01 8.12166786e+00 6.04170024e-01
    3.22788453e+00 -1.</_>
  <_>
    3.71718025e+01 2.20144272e+01 8.36052418e+00 7.27771699e-01
    3.13128543e+00 -1.</_>
  <_>
    4.02072067e+01 8.96499023e+01 8.18736839e+00 6.39852762e-01
    3.23872066e+00 -1.</_>
  <_>
    2.26069870e+01 1.18370104e+01 8.23899269e+00 6.65921748e-01
    2.95016384e+00 -1.</_>
  <_>
    5.21081390e+01 3.25614014e+01 7.96679640e+00 5.26562750e-01
    3.17940760e+00 -9.99999940e-01</_>
  <_>
