<?xml version="1.0"?>
<opencv_storage>
<centroids>
  <_>
    3.16059952e+01 6.01601524e+01 3.95576429e+00 11947009.
    1.79376770e+02 -1.</_>
  <_>
    3.16095524e+01 5.95518799e+01 3.59317851e+00 4.03870675e+06
    1.79564911e+02 -9.99999940e-01</_>
  <_>
    3.16230679e+01 5.96202927e+01 3.76005793e+00 7208623. 1.79501740e+02
    -1.</_>
  <_>
    3.16144104e+01 6.06686440e+01 4.02336931e+00 15593277.
    1.79920502e+02 -1.</_>
  <_>
    3.14592400e+01 5.96895409e+01 3.41626143e+00 9.03468750e+05
    1.80368011e+02 -1.</_>
  <_>
    3.15800915e+01 6.00090370e+01 3.91953230e+00 10314208.
    1.79557236e+02 -1.</_>
  <_>
    3.16044559e+01 5.98281593e+01 3.67486882e+00 5.64145450e+06
    1.79950439e+02 -9.99999940e-01</_>
  <_>
    3.16135254e+01 6.05044823e+01 4.01260233e+00 13707277.
    1.79199951e+02 -1.</_>
  <_>
    3.16065769e+01 5.97975807e+01 3.81877995e+00 8745313. 1.79976196e+02
    -9.99999940e-01</_>
  <_>
    3.16436787e+01 5.95880814e+01 3.49104738e+00 2.47683550e+06
    1.79704025e+02 -1.</_></centroids>
</opencv_storage>
