<?xml version="1.0"?>
<opencv_storage>
<centroids>
  <_>
    2.57115250e+01 3.83550453e+01 4. 0. -1. -1.</_>
  <_>
    3.75759544e+01 1.11395935e+02 4. 0. -1. -1.</_>
  <_>
    2.62958870e+01 5.32759552e+01 4. 0. -1. -1.</_>
  <_>
    1.35020752e+01 1.58709049e+01 4. 0. -1. -1.</_>
  <_>
    3.72653503e+01 3.00042496e+01 3.99999976e+00 0. -9.99999940e-01
    -9.99999940e-01</_>
  <_>
    2.56644707e+01 8.49693222e+01 4. 0. -1. -1.</_>
  <_>
    1.40046740e+01 4.55105553e+01 4. 0. -1. -1.</_>
  <_>
    4.93348618e+01 8.31445618e+01 4. 0. -1. -1.</_>
  <_>
    1.55284529e+01 9.81525650e+01 4. 0. -1. -1.</_>
  <_>
    1.38755274e+01 7.20510330e+01 4. 0. -1. -1.</_>
  <_>
    3.76261978e+01 6.17400436e+01 4. 0. -1. -1.</_>
  <_>
    2.55249634e+01 1.11311729e+02 4. 0. -1. -1.</_>
  <_>
    4.80834732e+01 9.68872070e+01 3.99999976e+00 0. -9.99999940e-01
    -9.99999940e-01</_>
  <_>
    3.69413185e+01 1.54051704e+01 3.99999976e+00 0. -9.99999940e-01
    -9.99999940e-01</_>
  <_>
    4.89122086e+01 1.37466326e+01 4. 0. -1. -1.</_>
  <_>
    4.89378090e+01 2.56956558e+01 3.99999976e+00 0. -9.99999940e-01
    -9.99999940e-01</_>
  <_>
    2.51750851e+01 2.50401783e+01 4. 0. -1. -1.</_>
  <_>
    4.91343842e+01 3.93016586e+01 4. 0. -1. -1.</_>
  <_>
    4.90741425e+01 5.34355125e+01 4. 0. -1. -1.</_>
  <_>
    1.33216181e+01 1.11921379e+02 4. 0. -1. -1.</_>
  <_>
    1.35981588e+01 3.10239620e+01 4. 0. -1. -1.</_>
  <_>
    3.77502632e+01 7.86372528e+01 4. 0. -1. -1.</_>
  <_>
    2.50819416e+01 1.35633106e+01 4. 0. -1. -1.</_>
  <_>
    2.62823925e+01 6.94476318e+01 4. 0. -1. -1.</_>
  <_>
    4.92607346e+01 6.80519638e+01 4. 0. -1. -1.</_>
  <_>
    1.42042990e+01 5.91181564e+01 4. 0. -1. -1.</_>
  <_>
    1.32618542e+01 8.49942474e+01 4. 0. -1. -1.</_>
  <_>
    3.31179352e+01 9.62791672e+01 4. 0. -1. -1.</_>
  <_>
    4.96868286e+01 1.11528305e+02 4. 0. -1. -1.</_>
  <_>
    3.76647530e+01 4.53097343e+01 4. 0. -1. -1.</_></centroids>
</opencv_storage>
