<?xml version="1.0"?>
<opencv_storage>
<centroids>
  <_>
    3.90285263e+01 8.19472046e+01 1.08732738e+01 1.47451627e+00
    3.47787567e+02 -1.</_>
  <_>
    2.22491646e+01 2.38717880e+01 1.01358051e+01 1.14201772e+00
    1.42955780e+02 -1.</_>
  <_>
    2.23547535e+01 7.57187424e+01 1.08916378e+01 1.47668314e+00
    8.15314636e+01 -1.</_>
  <_>
    2.13317261e+01 2.60501442e+01 1.02323360e+01 1.18525326e+00
    2.92137817e+02 -1.</_>
  <_>
    2.14213581e+01 1.04912819e+02 9.92819405e+00 1.04679644e+00
    2.77149109e+02 -1.</_>
  <_>
    2.54549847e+01 2.27581921e+01 1.03586941e+01 1.24868560e+00
    4.37298546e+01 -1.</_>
  <_>
    3.65899696e+01 7.28072815e+01 1.10244665e+01 1.53898084e+00
    2.31132248e+02 -1.</_>
  <_>
    3.97408371e+01 7.63220520e+01 1.07473431e+01 1.41626263e+00
    1.60447327e+02 -1.</_>
  <_>
    2.24327755e+01 7.56755447e+01 1.08423395e+01 1.45523131e+00
    1.09916344e+02 -9.99999940e-01</_>
  <_>
    3.79978027e+01 7.75375290e+01 1.09093733e+01 1.48965776e+00
    1.21144543e+01 -1.</_>
  <_>
    3.83687859e+01 4.60413857e+01 1.09948683e+01 1.52128613e+00
    3.23445709e+02 -1.</_>
  <_>
    4.01393433e+01 2.31401806e+01 1.00942650e+01 1.11749792e+00
    2.51271698e+02 -1.</_>
  <_>
    2.20807171e+01 2.41155090e+01 1.01800251e+01 1.15839326e+00
    1.74492752e+02 -1.</_>
  <_>
    2.20174885e+01 2.65750942e+01 1.03997869e+01 1.26214683e+00
    1.26559200e+01 -1.</_>
  <_>
    2.18210392e+01 5.54204903e+01 1.07961607e+01 1.43584836e+00
    2.50316544e+02 -1.</_>
  <_>
    4.00439873e+01 2.30833015e+01 1.01428070e+01 1.14477301e+00
    6.47973022e+01 -1.</_>
  <_>
    4.05891685e+01 5.07682076e+01 1.05414572e+01 1.32456255e+00
    1.09826408e+02 -1.</_>
  <_>
    4.03822708e+01 2.41559544e+01 1.02321873e+01 1.18771946e+00
    1.28504578e+02 -1.</_>
  <_>
    4.13578377e+01 4.50722618e+01 1.04228497e+01 1.27127898e+00
    4.68287659e+01 -1.</_>
  <_>
    2.23564358e+01 1.01410294e+02 1.02751245e+01 1.20978594e+00
    1.94618744e+02 -9.99999940e-01</_>
  <_>
    3.73856087e+01 4.30947914e+01 1.11842241e+01 1.60646129e+00
    2.96260681e+02 -1.</_>
  <_>
    2.19913559e+01 8.26701279e+01 1.07107916e+01 1.39884043e+00
    2.56527283e+02 -9.99999940e-01</_>
  <_>
    4.00249748e+01 7.50336151e+01 1.06686020e+01 1.38224375e+00
    1.94148621e+02 -1.</_>
  <_>
    2.13223782e+01 9.97019501e+01 1.02460995e+01 1.19491935e+00
    1.41749687e+01 -1.</_>
  <_>
    3.99880791e+01 2.41764450e+01 1.01484528e+01 1.14528537e+00
    2.21118607e+02 -1.</_>
  <_>
    2.18867035e+01 1.00748428e+02 1.03677511e+01 1.24894881e+00
    1.27105263e+02 -9.99999940e-01</_>
  <_>
    4.03147392e+01 5.03810043e+01 1.05747023e+01 1.33845830e+00
    1.43254776e+02 -1.</_>
  <_>
    3.90841331e+01 4.41297112e+01 1.09447918e+01 1.50119030e+00
    2.68275024e+02 -1.</_>
  <_>
    4.08343544e+01 6.68995743e+01 1.06742840e+01 1.38274884e+00
    2.90002411e+02 -1.</_>
  <_>
    2.26455708e+01 4.75586472e+01 1.06825800e+01 1.38552439e+00
    3.33943672e+01 -1.</_>
  <_>
    4.10230217e+01 5.45671196e+01 1.05678291e+01 1.33575463e+00
    3.47865814e+02 -9.99999940e-01</_>
  <_>
    2.19354820e+01 4.97769051e+01 1.06571360e+01 1.37698781e+00
    1.60297989e+02 -1.</_>
  <_>
    2.13714523e+01 1.00138123e+02 1.02229633e+01 1.18163490e+00
    2.29363739e+02 -1.</_>
  <_>
    2.23543282e+01 4.97229881e+01 1.07480574e+01 1.41200578e+00
    9.50542374e+01 -9.99999940e-01</_>
  <_>
    4.09562798e+01 7.12971573e+01 1.06366282e+01 1.36755168e+00
    3.73663177e+01 -1.</_>
  <_>
    2.23150158e+01 2.31394997e+01 1.02946081e+01 1.21829700e+00
    7.89620209e+01 -1.</_>
  <_>
    4.06275024e+01 4.95258141e+01 1.07294502e+01 1.40931165e+00
    2.07144913e+02 -1.</_>
  <_>
    2.29296131e+01 2.38718052e+01 1.02786589e+01 1.20907295e+00
    1.10510986e+02 -1.</_>
  <_>
    2.20848560e+01 1.00251038e+02 1.03087101e+01 1.22436404e+00
    3.47018799e+02 -1.</_>
  <_>
    2.18684502e+01 7.56225204e+01 1.08333979e+01 1.45564628e+00
    1.43417313e+02 -9.99999940e-01</_>
  <_>
    2.14115734e+01 2.66395283e+01 1.03349657e+01 1.23138916e+00
    2.64094238e+02 -1.</_>
  <_>
    3.98733635e+01 4.76339226e+01 1.07207985e+01 1.40478396e+00
    1.29503384e+01 -1.</_>
  <_>
    4.03610840e+01 2.44507599e+01 1.02512722e+01 1.19655585e+00
    9.60529404e+01 -1.</_>
  <_>
    3.99658127e+01 7.59828186e+01 1.07444658e+01 1.41359603e+00
    1.26177834e+02 -1.</_>
  <_>
    3.88966484e+01 7.44358826e+01 1.08735342e+01 1.47252333e+00
    3.18954071e+02 -1.</_>
  <_>
    4.08596497e+01 2.26137142e+01 1.00189638e+01 1.08824933e+00
    3.11829712e+02 -1.</_>
  <_>
    4.02312737e+01 4.62933922e+01 1.07773247e+01 1.43025517e+00
    2.39772629e+02 -1.</_>
  <_>
    2.24626198e+01 9.85296783e+01 1.03938160e+01 1.25983775e+00
    3.17138672e+02 -9.99999940e-01</_>
  <_>
    4.02208366e+01 2.44784584e+01 1.01883011e+01 1.16469610e+00
    1.90548218e+02 -1.</_>
  <_>
    2.24642944e+01 2.14081326e+01 1.00131664e+01 1.08672249e+00
    3.47103729e+02 -9.99999940e-01</_>
  <_>
    2.27037735e+01 8.59698029e+01 1.08381262e+01 1.45551777e+00
    3.67551117e+01 -1.</_>
  <_>
    4.14913445e+01 1.02582664e+02 1.00849848e+01 1.12269187e+00
    1.51487103e+01 -9.99999940e-01</_>
  <_>
    4.12916603e+01 9.70118637e+01 1.03503733e+01 1.23716712e+00
    2.75644531e+02 -1.</_>
  <_>
    2.16185589e+01 5.81936836e+01 1.08021498e+01 1.44258380e+00
    3.11223206e+02 -1.</_>
  <_>
    2.15849819e+01 2.53576546e+01 1.02767239e+01 1.20430708e+00
    2.35875275e+02 -1.</_>
  <_>
    4.01666069e+01 2.48422756e+01 1.02841110e+01 1.20946252e+00
    1.60022644e+02 -1.</_>
  <_>
    3.97979050e+01 1.01761574e+02 1.02947254e+01 1.21437907e+00
    1.09600410e+02 -1.</_>
  <_>
    2.19747429e+01 7.43366089e+01 1.07268181e+01 1.40796268e+00
    2.09535461e+02 -1.</_>
  <_>
    4.07939529e+01 5.19107056e+01 1.05505209e+01 1.32775462e+00
    7.87622299e+01 -1.</_>
  <_>
    4.04100685e+01 2.25156174e+01 1.00511255e+01 1.09929466e+00
    2.80688751e+02 -1.</_>
  <_>
    2.19531479e+01 1.00255280e+02 1.03892994e+01 1.25569701e+00
    6.55200195e+01 -1.</_>
  <_>
    2.18561859e+01 7.60000229e+01 1.07221518e+01 1.40776622e+00
    1.76339600e+02 -9.99999940e-01</_>
  <_>
    4.00011215e+01 1.01395447e+02 1.02598591e+01 1.20047796e+00
    1.42804138e+02 -1.</_>
  <_>
    4.15569992e+01 1.04738182e+02 9.88862514e+00 1.03068745e+00
    3.40175049e+02 -1.</_>
  <_>
    2.22360172e+01 4.94631081e+01 1.07908478e+01 1.43388808e+00
    1.91370804e+02 -1.</_>
  <_>
    2.20280533e+01 5.01151581e+01 1.06333485e+01 1.36382437e+00
    1.26907288e+02 -1.</_>
  <_>
    3.99502983e+01 1.01710091e+02 1.01579819e+01 1.15379369e+00
    3.03494537e+02 -9.99999940e-01</_>
  <_>
    2.33740025e+01 6.64616928e+01 1.08371077e+01 1.45212626e+00
    5.54126129e+01 -1.</_>
  <_>
    4.02715988e+01 7.75138702e+01 1.08247423e+01 1.44871235e+00
    9.46740494e+01 -1.</_>
  <_>
    2.33190727e+01 8.06525192e+01 1.09633818e+01 1.50979853e+00
    2.89549164e+02 -1.</_>
  <_>
    2.15771294e+01 5.54816208e+01 1.07777090e+01 1.42837930e+00
    2.78993591e+02 -1.</_>
  <_>
    4.08047180e+01 4.97962723e+01 1.05798206e+01 1.34434295e+00
    1.75269516e+02 -1.</_>
  <_>
    2.15008812e+01 6.88619156e+01 1.06581173e+01 1.37920225e+00
    3.41981598e+02 -1.</_>
  <_>
    4.03618011e+01 7.91637115e+01 1.07654810e+01 1.42507267e+00
    6.57127533e+01 -1.</_>
  <_>
    3.66472664e+01 1.03273232e+02 1.02707682e+01 1.21058702e+00
    4.48464203e+01 -1.</_>
  <_>
    2.22219791e+01 4.48101120e+01 1.06798830e+01 1.38386941e+00
    6.64014816e+01 -9.99999940e-01</_>
  <_>
    2.18735027e+01 2.65199776e+01 1.03077049e+01 1.22155738e+00
    3.20127106e+02 -1.</_>
  <_>
    2.21297722e+01 1.01294685e+02 1.04166965e+01 1.26971149e+00
