<?xml version="1.0"?>
<opencv_storage>
<centroids>
  <_>
    2.27921638e+01 7.02360382e+01 2.04606667e+01 1.11345835e-01
    1.02757553e+02 1.16440900e-01</_>
  <_>
    4.00039787e+01 6.39996300e+01 2.01602116e+01 1.09178744e-01
    2.66285767e+02 1.46245062e-01</_>
  <_>
    3.23801842e+01 2.32456036e+01 1.91781635e+01 7.19023570e-02
    9.33205414e+00 2.00318381e-01</_>
  <_>
    3.94979477e+01 3.37462234e+01 1.97812157e+01 1.08319283e-01
    3.22565186e+02 2.90638864e-01</_>
  <_>
    4.16052780e+01 1.05769882e+02 1.82939148e+01 3.42213586e-02
    2.67762878e+02 1.18691795e-01</_>
  <_>
    2.14242802e+01 5.23209190e+01 1.96843472e+01 8.90818238e-02
    1.80327179e+02 2.11703137e-01</_>
  <_>
    4.22195396e+01 1.04061996e+02 1.80158672e+01 1.86535176e-02
    8.04629288e+01 5.57461418e-02</_>
  <_>
    2.10331364e+01 1.01917458e+02 1.89702225e+01 5.87442704e-02
    1.79035950e+02 1.19105361e-01</_>
  <_>
    2.32355938e+01 2.43219376e+01 1.83819332e+01 4.89438437e-02
    6.26889000e+01 2.02129483e-01</_>
  <_>
    2.25747623e+01 2.72922058e+01 1.89638557e+01 6.55874982e-02
    2.43300613e+02 2.09600881e-01</_>
  <_>
    3.06324711e+01 9.64780731e+01 1.90440598e+01 9.12667215e-02
    3.19821045e+02 1.90401256e-01</_>
  <_>
    3.37190018e+01 1.00127899e+02 1.93794079e+01 9.06520262e-02
    1.57187958e+02 1.21423818e-01</_>
  <_>
    3.25395660e+01 1.02756683e+02 1.93577843e+01 8.10709894e-02
    9.21983719e+00 9.04109627e-02</_>
  <_>
    3.62817268e+01 4.84249649e+01 2.04639912e+01 1.33687600e-01
    2.44967224e+02 2.04027414e-01</_>
  <_>
    2.16659927e+01 1.06065559e+02 1.83204575e+01 1.93654709e-02
    8.40836639e+01 6.75731376e-02</_>
  <_>
    2.15504913e+01 7.81584625e+01 1.97449379e+01 8.60350430e-02
    2.65552094e+02 1.90641060e-01</_>
  <_>
    3.49310875e+01 4.93292007e+01 1.94969997e+01 9.60384160e-02
    6.27239647e+01 2.56045282e-01</_>
  <_>
    4.15370407e+01 7.17102814e+01 1.92847233e+01 8.27317312e-02
    1.77238022e+02 1.49870053e-01</_>
  <_>
    3.11840534e+01 2.38889256e+01 1.84243546e+01 5.21901213e-02
    1.24329681e+02 2.14662939e-01</_>
  <_>
    3.88011398e+01 2.48103142e+01 1.88313236e+01 6.41271621e-02
    2.90993958e+02 1.85804337e-01</_>
  <_>
    2.18703747e+01 1.02782059e+02 1.87643089e+01 5.10497242e-02
    2.61862091e+02 1.12044200e-01</_>
  <_>
    3.96532860e+01 7.60212097e+01 1.99975376e+01 1.11368574e-01
    3.48557434e+02 1.78276613e-01</_>
  <_>
    2.03109150e+01 4.39031563e+01 1.87847672e+01 6.15171120e-02
    1.19155989e+01 1.29509702e-01</_>
  <_>
    3.94503746e+01 4.26599503e+01 2.15880852e+01 1.61164835e-01
    8.88355408e+01 1.66166499e-01</_>
  <_>
    2.75784073e+01 5.01013908e+01 1.95640469e+01 1.04439594e-01
    1.47674408e+02 3.16229999e-01</_>
  <_>
    2.27745800e+01 7.69339371e+01 1.99377270e+01 1.04579724e-01
    1.88538315e+02 1.85702309e-01</_>
  <_>
    3.90602341e+01 2.24155617e+01 1.86148663e+01 5.25472611e-02
    3.49548859e+02 1.68856129e-01</_>
  <_>
    2.15470295e+01 2.48864155e+01 1.87142258e+01 5.25258929e-02
    2.71542450e+02 1.22172907e-01</_>
  <_>
    3.07665424e+01 1.00567177e+02 1.84279346e+01 6.04953319e-02
    1.29143417e+02 1.55501425e-01</_>
  <_>
    3.67583122e+01 7.16267776e+01 2.00275993e+01 1.20180078e-01
    2.12562958e+02 2.65609711e-01</_>
  <_>
    3.27022781e+01 9.04339447e+01 2.82636337e+01 4.37376767e-01
    8.67469482e+01 1.01853065e-01</_>
  <_>
    2.13218079e+01 5.37253609e+01 1.93800621e+01 7.72872046e-02
    2.67236053e+02 7.74692744e-02</_>
  <_>
    2.33747158e+01 5.02473106e+01 1.96393909e+01 1.09514631e-01
    2.15783401e+02 2.73874193e-01</_>
  <_>
    2.12615719e+01 4.68368263e+01 1.94381332e+01 7.37034678e-02
    9.00603638e+01 1.41811922e-01</_>
  <_>
    3.30979042e+01 7.43782349e+01 1.95836887e+01 1.09841146e-01
    1.32942978e+02 2.43316546e-01</_>
  <_>
    4.04955673e+01 9.92029800e+01 1.92501564e+01 8.24022368e-02
    1.82592300e+02 1.25387967e-01</_>
  <_>
    3.97825851e+01 4.84626846e+01 2.03336334e+01 1.19577810e-01
    3.49430695e+02 2.09422067e-01</_>
  <_>
    3.87894516e+01 4.67751884e+01 2.08057022e+01 1.41374260e-01
    1.93983948e+02 2.39473686e-01</_>
  <_>
    2.36792812e+01 4.40783577e+01 2.04662991e+01 1.34494871e-01
    2.92419006e+02 1.89668342e-01</_>
  <_>
    4.08141785e+01 1.05140144e+02 1.86556168e+01 3.46740633e-02
    1.00799271e+02 6.96255192e-02</_>
  <_>
    3.92151299e+01 2.74086399e+01 1.88061428e+01 6.76401481e-02
    2.23702087e+02 3.00772071e-01</_>
  <_>
    3.08793812e+01 2.67980938e+01 1.86850090e+01 6.16448633e-02
    3.61227722e+01 2.61163741e-01</_>
  <_>
    2.10162697e+01 3.14780293e+01 1.92463379e+01 7.18882680e-02
    3.48010315e+02 2.03888819e-01</_>
  <_>
    2.82967892e+01 9.73611908e+01 1.89931030e+01 7.84893259e-02
    5.96485710e+01 1.61576346e-01</_>
  <_>
    4.08984108e+01 4.54103432e+01 1.95543957e+01 9.47600082e-02
    1.70589417e+02 1.12914324e-01</_>
  <_>
    3.36224709e+01 9.98182907e+01 1.87090302e+01 6.86498880e-02
    2.39034653e+02 1.37123749e-01</_>
  <_>
    4.10462837e+01 2.25552235e+01 1.85108986e+01 4.34673019e-02
    2.61791229e+02 1.43001124e-01</_>
  <_>
    4.06336403e+01 2.35316887e+01 1.88231831e+01 5.85780516e-02
    7.77182770e+01 1.44358575e-01</_>
  <_>
    3.34437294e+01 4.94636230e+01 1.98843288e+01 1.16498433e-01
    1.15605453e+02 2.24888310e-01</_>
  <_>
    2.17490234e+01 9.94994812e+01 1.93282509e+01 6.57321662e-02
    1.04094948e+02 7.81164914e-02</_>
  <_>
    4.15859108e+01 5.85917206e+01 1.90130310e+01 7.30036795e-02
    2.90517303e+02 1.39325097e-01</_>
  <_>
    4.02721786e+01 2.37281055e+01 1.90477695e+01 6.22826926e-02
    1.01070656e+02 1.25623584e-01</_>
  <_>
    3.21222267e+01 9.72984161e+01 1.92164288e+01 8.96474123e-02
    3.32547722e+01 1.68792203e-01</_>
  <_>
    2.27039452e+01 7.47759781e+01 1.99156322e+01 1.11130804e-01
    1.09522638e+01 1.83977306e-01</_>
  <_>
    4.09694672e+01 9.70306702e+01 1.84050751e+01 5.74463904e-02
    2.94365356e+02 1.45386577e-01</_>
  <_>
    2.24007244e+01 1.01422371e+02 1.89290333e+01 6.13620095e-02
    2.82370453e+02 1.44086018e-01</_>
  <_>
    3.59914474e+01 2.43357067e+01 1.87321415e+01 5.84214851e-02
    1.51725815e+02 2.05207497e-01</_>
  <_>
    4.16432304e+01 8.24546127e+01 1.89185257e+01 4.98912930e-02
    9.85537415e+01 1.16832592e-01</_>
  <_>
    2.15684566e+01 2.59941902e+01 1.90282726e+01 7.02732131e-02
    1.75820206e+02 1.73304334e-01</_>
  <_>
    2.80960693e+01 7.17426682e+01 2.00360622e+01 1.18090451e-01
    2.42025055e+02 2.68992007e-01</_>
  <_>
    2.39986973e+01 2.61981487e+01 1.90904598e+01 7.03212470e-02
    2.02863556e+02 2.39891335e-01</_>
  <_>
    3.85194435e+01 4.22057571e+01 2.13117085e+01 1.53481022e-01
    2.69930054e+02 1.01068042e-01</_>
  <_>
    2.21919498e+01 2.49692822e+01 1.79475155e+01 3.47912535e-02
    3.14356750e+02 2.90656060e-01</_>
  <_>
    2.16055775e+01 2.37217960e+01 1.89631958e+01 5.89331463e-02
    9.13310928e+01 1.13906361e-01</_>
  <_>
    2.30346260e+01 6.52416611e+01 2.06891460e+01 1.23572551e-01
    7.98302383e+01 1.48936167e-01</_>
  <_>
    3.99380074e+01 8.50172806e+01 2.07012978e+01 1.26311779e-01
    2.68019562e+02 1.66189656e-01</_>
  <_>
    3.11764050e+01 6.26686287e+01 2.00186825e+01 1.24653332e-01
    3.19814850e+02 2.63465196e-01</_>
  <_>
    2.16669312e+01 6.18166885e+01 1.95808086e+01 9.10720080e-02
    3.49595581e+02 1.60964489e-01</_>
  <_>
    2.70916309e+01 9.99045792e+01 1.88585682e+01 7.71445036e-02
    2.07970093e+02 1.91326052e-01</_>
  <_>
    2.06490192e+01 8.42263947e+01 1.80230541e+01 1.54791959e-02
    8.57532654e+01 8.74958783e-02</_>
  <_>
    4.04050331e+01 6.22870445e+01 2.05028839e+01 1.10415645e-01
    9.08266144e+01 1.35256723e-01</_>
  <_>
