<?xml version="1.0"?>
<opencv_storage>
<centroids>
  <_>
    2.49098911e+01 3.68670769e+01 4. 0. -1. -1.</_>
  <_>
    3.83255196e+01 8.57152405e+01 4. 0. -1. -1.</_>
  <_>
    1.33462286e+01 7.67702103e+01 4. 0. -1. -1.</_>
  <_>
    3.64863586e+01 5.70238838e+01 4. 0. -1. -1.</_>
  <_>
    4.92459717e+01 1.31944618e+01 4. 0. -1. -1.</_>
  <_>
    2.51224442e+01 1.11132385e+02 4. 0. -1. -1.</_>
  <_>
    1.33280458e+01 1.47362032e+01 3.99999976e+00 0. -9.99999940e-01
    -9.99999940e-01</_>
  <_>
    4.97122726e+01 1.10640846e+02 4. 0. -1. -1.</_>
  <_>
    3.68895798e+01 2.84130535e+01 4. 0. -1. -1.</_>
  <_>
    4.91649857e+01 6.33963203e+01 3.99999976e+00 0. -9.99999940e-01
    -9.99999940e-01</_>
  <_>
    3.70710983e+01 7.15107651e+01 4. 0. -1. -1.</_>
  <_>
    1.30208864e+01 5.98705940e+01 4. 0. -1. -1.</_>
  <_>
    2.52232971e+01 2.41055775e+01 4. 0. -1. -1.</_>
  <_>
    1.43960199e+01 9.37913589e+01 4. 0. -1. -1.</_>
  <_>
    2.40605888e+01 5.10523949e+01 4. 0. -1. -1.</_>
  <_>
    3.76828728e+01 1.10820763e+02 4. 0. -1. -1.</_>
  <_>
    1.32550726e+01 2.84684315e+01 3.99999976e+00 0. -9.99999940e-01
    -9.99999940e-01</_>
  <_>
    4.87504196e+01 9.47937164e+01 3.99999976e+00 0. -9.99999940e-01
    -9.99999940e-01</_>
  <_>
    4.92403564e+01 4.95273476e+01 3.99999976e+00 0. -9.99999940e-01
    -9.99999940e-01</_>
  <_>
    2.44005909e+01 6.63863602e+01 4. 0. -1. -1.</_>
  <_>
    1.30382948e+01 4.33266029e+01 4. 0. -1. -1.</_>
  <_>
    3.08262119e+01 9.76536255e+01 3.99999976e+00 0. -9.99999940e-01
    -9.99999940e-01</_>
  <_>
    3.67873306e+01 4.26630821e+01 4. 0. -1. -1.</_>
  <_>
    4.91242371e+01 2.38812141e+01 3.99999976e+00 0. -9.99999940e-01
    -9.99999940e-01</_>
  <_>
    1.30354557e+01 1.10129936e+02 4. 0. -1. -1.</_>
  <_>
    3.70539207e+01 1.47468519e+01 4. 0. -1. -1.</_>
  <_>
    4.97948761e+01 7.81756363e+01 4. 0. -1. -1.</_>
  <_>
    4.92326775e+01 3.58384705e+01 4. 0. -1. -1.</_>
  <_>
    2.51509686e+01 1.30363674e+01 3.99999976e+00 0. -9.99999940e-01
    -9.99999940e-01</_>
  <_>
    2.52936039e+01 8.25710220e+01 3.99999976e+00 0. -9.99999940e-01
    -9.99999940e-01</_></centroids>
</opencv_storage>
