<?xml version="1.0"?>
<opencv_storage>
<centroids>
  <_>
    4.96669579e+01 3.07480869e+01 7. 0. -1. -1.</_>
  <_>
    2.49951630e+01 1.20601784e+02 7. 0. -1. -1.</_>
  <_>
    5.70051050e+00 6.67091064e+01 7. 0. -1. -1.</_>
  <_>
    3.82737885e+01 7.80765457e+01 7. 0. -1. -1.</_>
  <_>
    5.69452190e+00 2.10757885e+01 7. 0. -1. -1.</_>
  <_>
    5.63060913e+01 1.11178787e+02 7. 0. -1. -1.</_>
  <_>
    5.62599945e+01 7.53790436e+01 7.00000048e+00 0. -1. -1.</_>
  <_>
    1.59968128e+01 6.27002001e+00 7. 0. -1. -1.</_>
  <_>
    2.21085510e+01 8.96670074e+01 7. 0. -1. -1.</_>
  <_>
    2.19695778e+01 4.55343895e+01 7. 0. -1. -1.</_>
  <_>
    3.94000206e+01 1.09914352e+02 7. 0. -1. -1.</_>
  <_>
    4.00279236e+01 1.81658688e+01 7. 0. -1. -1.</_>
  <_>
    5.60762520e+01 6.79879303e+01 7. 0. -1. -1.</_>
  <_>
    4.89236526e+01 4.78368874e+01 7. 0. -1. -1.</_>
  <_>
    4.65454330e+01 8.49078751e+01 7. 0. -1. -1.</_>
  <_>
    6.35760880e+00 1.10385010e+02 6.99999952e+00 0. -9.99999940e-01
    -9.99999940e-01</_>
  <_>
    4.87048950e+01 1.58595963e+01 7. 0. -1. -1.</_>
  <_>
    3.39351387e+01 5.53475237e+00 7. 0. -1. -1.</_>
  <_>
    2.42462769e+01 3.63598480e+01 7. 0. -1. -1.</_>
  <_>
    2.96259117e+01 6.27702942e+01 7. 0. -1. -1.</_>
  <_>
    3.17349415e+01 2.19224339e+01 7. 0. -1. -1.</_>
  <_>
    5.88105440e+00 4.81564674e+01 7. 0. -1. -1.</_>
  <_>
    5.61277008e+01 9.18056412e+01 7. 0. -1. -1.</_>
  <_>
    1.36614933e+01 7.33326263e+01 7. 0. -1. -1.</_>
  <_>
    2.21885700e+01 7.79662247e+01 7. 0. -1. -1.</_>
  <_>
    1.52746649e+01 3.08616066e+01 7. 0. -1. -1.</_>
  <_>
    3.50297432e+01 3.73471336e+01 7. 0. -1. -1.</_>
  <_>
    4.63899574e+01 5.60806541e+01 7. 0. -1. -1.</_>
  <_>
    3.81723785e+01 8.91121750e+01 7. 0. -1. -1.</_>
  <_>
    4.92523804e+01 6.60461187e+00 7. 0. -1. -1.</_>
  <_>
    4.63271523e+01 1.18538734e+02 7. 0. -1. -1.</_>
  <_>
    5.93780899e+00 9.84632339e+01 7.00000048e+00 0. -1. -1.</_>
  <_>
    3.81750145e+01 6.70558701e+01 7. 0. -1. -1.</_>
  <_>
    2.49865799e+01 6.65992641e+00 7. 0. -1. -1.</_>
  <_>
    3.68531914e+01 5.62072945e+01 7. 0. -1. -1.</_>
  <_>
    4.71658897e+01 9.57785797e+01 7. 0. -1. -1.</_>
  <_>
    4.78435898e+01 1.06835884e+02 7. 0. -1. -1.</_>
  <_>
    1.35369577e+01 1.05825188e+02 7.00000048e+00 0. -1. -1.</_>
  <_>
    2.98594131e+01 3.01896782e+01 7. 0. -1. -1.</_>
  <_>
    2.42514954e+01 1.63480511e+01 7. 0. -1. -1.</_>
  <_>
    4.69928017e+01 7.44299088e+01 7. 0. -1. -1.</_>
  <_>
    1.52371941e+01 3.81265182e+01 7. 0. -1. -1.</_>
  <_>
    1.52825966e+01 5.32584343e+01 7. 0. -1. -1.</_>
  <_>
    3.05627747e+01 1.13631317e+02 6.99999952e+00 0. -9.99999940e-01
    -9.99999940e-01</_>
  <_>
    1.57943163e+01 1.48742065e+01 7. 0. -1. -1.</_>
  <_>
    6.75183535e+00 1.32426872e+01 7. 0. -1. -1.</_>
  <_>
    5.74664040e+01 4.36537247e+01 7. 0. -1. -1.</_>
  <_>
    3.64488602e+01 1.20419754e+02 7.00000048e+00 0. -1. -1.</_>
  <_>
    4.67387619e+01 2.37235546e+01 7. 0. -1. -1.</_>
  <_>
    6.01707077e+00 7.66651611e+01 7. 0. -1. -1.</_>
  <_>
    4.33104286e+01 3.70891685e+01 7. 0. -1. -1.</_>
  <_>
    1.46861982e+01 8.35581818e+01 7. 0. -1. -1.</_>
  <_>
    3.11622715e+01 4.52731438e+01 7. 0. -1. -1.</_>
  <_>
    6.07901239e+00 3.87715492e+01 7. 0. -1. -1.</_>
  <_>
    2.23067112e+01 2.54319286e+01 7. 0. -1. -1.</_>
  <_>
    2.19096642e+01 1.00634445e+02 7. 0. -9.99999940e-01 -9.99999940e-01</_>
  <_>
    6.50894642e+00 1.20203484e+02 7. 0. -1. -1.</_>
  <_>
    3.30980072e+01 1.34020967e+01 7. 0. -9.99999940e-01 -9.99999940e-01</_>
  <_>
    1.54680748e+01 1.18689606e+02 7.00000048e+00 0. -1. -1.</_>
  <_>
    3.90356445e+01 9.96280746e+01 7.00000048e+00 0. -1. -1.</_>
  <_>
    5.67122841e+01 5.28079567e+01 7. 0. -1. -1.</_>
  <_>
    2.71822815e+01 5.33969688e+01 7. 0. -1. -1.</_>
  <_>
    3.07558498e+01 1.04676979e+02 7. 0. -1. -1.</_>
  <_>
    2.98929825e+01 8.39082031e+01 7. 0. -1. -1.</_>
  <_>
    5.73880272e+01 3.33858986e+01 7. 0. -1. -1.</_>
  <_>
    1.39043865e+01 9.44993896e+01 7. 0. -1. -1.</_>
  <_>
    2.18170624e+01 1.10515144e+02 7. 0. -1. -1.</_>
  <_>
    6.13048172e+00 8.69525757e+01 7. 0. -1. -1.</_>
  <_>
    1.30069838e+01 6.32465096e+01 7. 0. -1. -1.</_>
  <_>
    3.92086639e+01 2.84005299e+01 7. 0. -1. -1.</_>
  <_>
    4.18284340e+01 7.97751760e+00 7. 0. -1. -1.</_>
  <_>
    4.66197624e+01 6.48008347e+01 7. 0. -1. -1.</_>
  <_>
    5.69864159e+01 1.39616470e+01 7. 0. -1. -1.</_>
  <_>
    5.66774864e+01 2.33941345e+01 7. 0. -1. -1.</_>
  <_>
    2.09452305e+01 5.92955589e+01 6.99999952e+00 0. -9.99999940e-01
    -9.99999940e-01</_>
  <_>
    5.06944237e+01 3.96855965e+01 7. 0. -1. -1.</_>
  <_>
    6.27385616e+00 5.69203262e+01 7. 0. -1. -1.</_>
  <_>
    6.20556498e+00 3.00269489e+01 7. 0. -1. -1.</_>
  <_>
    4.03215866e+01 4.66233177e+01 7. 0. -1. -1.</_>
  <_>
    5.60405045e+01 1.20217300e+02 7. 0. -1. -1.</_>
  <_>
    3.01764927e+01 9.47068253e+01 7. 0. -1. -1.</_>
  <_>
    1.31331902e+01 4.53048782e+01 7.00000048e+00 0. -1. -1.</_>
  <_>
    5.60562935e+01 8.33545532e+01 6.99999952e+00 0. -9.99999940e-01
    -9.99999940e-01</_>
  <_>
    2.12005119e+01 6.80691071e+01 7. 0. -1. -1.</_>
  <_>
    5.71087189e+01 5.65728807e+00 7. 0. -1. -1.</_>
  <_>
    5.63418999e+01 1.01349258e+02 7.00000048e+00 0. -1. -1.</_>
  <_>
    1.37214031e+01 2.30382786e+01 7. 0. -1. -1.</_>
  <_>
    3.00834846e+01 7.28121872e+01 7. 0. -1. -1.</_>
  <_>
    5.58759041e+01 6.06332779e+01 7. 0. -1. -1.</_>
  <_>
    6.74063730e+00 5.72861862e+00 7. 0. -1. -1.</_></centroids>
</opencv_storage>
