<?xml version="1.0"?>
<opencv_storage>
<centroids>
  <_>
    4.06760712e+01 3.69869537e+01</_>
  <_>
    2.37907658e+01 9.01508560e+01</_>
  <_>
    4.97374535e+01 8.92511978e+01</_>
  <_>
    2.79910126e+01 3.73845625e+00</_>
  <_>
    3.40114441e+01 7.08494797e+01</_>
  <_>
    1.48185282e+01 1.22284821e+02</_>
  <_>
    4.56831503e+00 7.08759613e+01</_>
  <_>
    4.16093302e+00 3.79529495e+01</_>
  <_>
    4.87926826e+01 4.49275589e+01</_>
  <_>
    4.16092873e+01 1.12487221e+02</_>
  <_>
    5.72018700e+01 2.43389187e+01</_>
  <_>
    4.62541819e+00 4.58243370e+00</_>
  <_>
    1.44508486e+01 1.05799713e+02</_>
  <_>
    2.42747192e+01 2.28391113e+01</_>
  <_>
    3.08808155e+01 4.05868492e+01</_>
  <_>
    1.60301399e+01 5.45850029e+01</_>
  <_>
    5.69870720e+01 6.59039001e+01</_>
  <_>
    3.40172348e+01 2.10144062e+01</_>
  <_>
    1.39574156e+01 7.55660629e+01</_>
  <_>
    4.81425428e+00 9.29145355e+01</_>
  <_>
    3.06614075e+01 1.12043602e+02</_>
  <_>
    4.85500603e+01 5.15271854e+00</_>
  <_>
    3.71293373e+01 5.95729408e+01</_>
  <_>
    5.89491920e+01 3.42202682e+01</_>
  <_>
    3.17787380e+01 9.50900421e+01</_>
  <_>
    5.84737434e+01 5.57643356e+01</_>
  <_>
    2.86778469e+01 5.11957474e+01</_>
  <_>
    2.59006443e+01 6.05036850e+01</_>
  <_>
    4.70875473e+01 1.22069786e+02</_>
  <_>
    5.90336609e+01 1.09381691e+02</_>
  <_>
    4.51893139e+00 2.75803223e+01</_>
  <_>
    1.49554157e+01 9.56994095e+01</_>
  <_>
    4.38882637e+00 4.94119492e+01</_>
  <_>
    2.60914307e+01 1.22360611e+02</_>
  <_>
    1.66636620e+01 4.12106085e+00</_>
  <_>
    1.33993044e+01 3.46004753e+01</_>
  <_>
    3.35934410e+01 1.18431683e+01</_>
  <_>
    5.79162674e+01 1.21479080e+02</_>
  <_>
    1.42109594e+01 6.48925934e+01</_>
  <_>
    3.27686043e+01 8.37974854e+01</_>
  <_>
    5.89897423e+01 7.59500504e+01</_>
  <_>
    5.83599091e+01 4.49650879e+01</_>
  <_>
    4.14697151e+01 7.95101547e+01</_>
  <_>
    5.00430984e+01 3.39225922e+01</_>
  <_>
    5.83475113e+01 4.68452120e+00</_>
  <_>
    4.84484243e+00 1.03327179e+02</_>
  <_>
    4.53168373e+01 6.74579239e+01</_>
  <_>
    3.32962761e+01 3.01756077e+01</_>
  <_>
    4.72795219e+01 1.00749985e+02</_>
  <_>
    5.02174263e+01 1.64101467e+01</_>
  <_>
    1.97224808e+01 1.13489502e+02</_>
  <_>
    4.06919403e+01 9.15370331e+01</_>
  <_>
    2.43198071e+01 7.90865021e+01</_>
  <_>
    4.57775879e+00 1.22556091e+02</_>
  <_>
    1.67691536e+01 1.54251690e+01</_>
  <_>
    4.83072586e+01 5.62339745e+01</_>
  <_>
    5.04095116e+01 7.73568878e+01</_>
  <_>
    5.78516045e+01 9.81446609e+01</_>
  <_>
    1.38200092e+01 2.44139538e+01</_>
  <_>
    4.64129591e+00 8.19427032e+01</_>
  <_>
    4.87835741e+00 5.98449249e+01</_>
  <_>
    3.93247948e+01 4.84397621e+01</_>
  <_>
    5.86428108e+01 8.68095932e+01</_>
  <_>
    5.89830780e+00 1.13323242e+02</_>
  <_>
    2.27721958e+01 3.28870201e+01</_>
  <_>
    2.46262436e+01 1.02508858e+02</_>
  <_>
    3.69259300e+01 1.03405670e+02</_>
  <_>
    1.19683647e+01 4.47586212e+01</_>
  <_>
    2.48221626e+01 1.23454456e+01</_>
  <_>
    4.41702652e+01 2.55736675e+01</_>
  <_>
    9.82201767e+00 1.12621508e+01</_>
  <_>
    5.06686249e+01 1.11035164e+02</_>
  <_>
    4.11059380e+00 1.72738991e+01</_>
  <_>
    5.87446289e+01 1.42383671e+01</_>
  <_>
    4.19167786e+01 1.46015263e+01</_>
  <_>
    3.64059181e+01 1.22037994e+02</_>
  <_>
    1.45002804e+01 8.55092697e+01</_>
  <_>
    3.87272339e+01 4.23315287e+00</_>
  <_>
    2.10938168e+01 4.40949059e+01</_>
  <_>
    2.31489468e+01 6.96098022e+01</_></centroids>
</opencv_storage>
