<?xml version="1.0"?>
<opencv_storage>
<centroids>
  <_>
    3.92972298e+01 7.90098648e+01 1.15379248e+01 1.76134706e+00
    1.17271400e+02 -1.</_>
  <_>
    4.10711937e+01 5.39174271e+01 1.10587721e+01 1.56295395e+00
    2.85192596e+02 -1.</_>
  <_>
    4.07134247e+01 2.51083241e+01 1.07358503e+01 1.42443538e+00
    1.01149651e+02 -1.</_>
  <_>
    4.00739326e+01 1.03167816e+02 1.06017981e+01 1.37031484e+00
    1.36639576e+01 -1.</_>
  <_>
    3.98862877e+01 6.20245247e+01 1.13611956e+01 1.68954992e+00
    3.13653839e+02 -1.</_>
  <_>
    2.25717030e+01 2.60847950e+01 1.08550062e+01 1.47517645e+00
    2.24947632e+02 -1.</_>
  <_>
    2.17627163e+01 1.02443489e+02 1.05160923e+01 1.32359660e+00
    1.93441193e+02 -1.</_>
  <_>
    4.11636162e+01 5.22526741e+01 1.09986038e+01 1.54338169e+00
    1.63109226e+01 -1.</_>
  <_>
    2.17667618e+01 2.29704914e+01 1.04721699e+01 1.31092560e+00
    1.69633728e+02 -1.</_>
  <_>
    2.14873142e+01 6.79416199e+01 1.12172756e+01 1.62858355e+00
    1.07405350e+02 -9.99999940e-01</_>
  <_>
    2.17531796e+01 5.80912857e+01 1.11518393e+01 1.59581769e+00
    3.46719299e+02 -1.</_>
  <_>
    2.43786201e+01 7.76541824e+01 1.17974958e+01 1.87199402e+00
    4.28442383e+01 -1.</_>
  <_>
    4.11323814e+01 2.38893814e+01 1.03687782e+01 1.25027597e+00
    2.40687546e+02 -1.</_>
  <_>
    3.86798515e+01 7.56595383e+01 1.15672531e+01 1.77839875e+00
    2.29252563e+02 -9.99999940e-01</_>
  <_>
    3.77352638e+01 7.83320999e+01 1.15045204e+01 1.75924110e+00
    3.45755920e+02 -1.</_>
  <_>
    4.07536697e+01 1.00023262e+02 1.06045799e+01 1.36511779e+00
    2.49158813e+02 -1.</_>
  <_>
    4.05644569e+01 2.53329830e+01 1.06683731e+01 1.38847852e+00
    2.91800598e+02 -1.</_>
  <_>
    3.20365295e+01 1.02790932e+02 1.08028688e+01 1.46128297e+00
    2.83405762e+02 -1.</_>
  <_>
    3.99393845e+01 5.35837860e+01 1.11327038e+01 1.58989775e+00
    1.72446396e+02 -1.</_>
  <_>
    2.17285004e+01 9.99774628e+01 1.09119978e+01 1.51292908e+00
    1.59746689e+02 -9.99999940e-01</_>
  <_>
    4.05308266e+01 2.73217144e+01 1.07691984e+01 1.43758357e+00
    4.10925293e+01 -1.</_>
  <_>
    3.98857307e+01 5.69696350e+01 1.12160940e+01 1.62453294e+00
    1.40574875e+02 -1.</_>
  <_>
    2.26986675e+01 2.35762672e+01 1.07883520e+01 1.45016384e+00
    5.30782547e+01 -1.</_>
  <_>
    2.18274822e+01 2.24653702e+01 1.04361944e+01 1.28936386e+00
    2.53807861e+02 -1.</_>
  <_>
    4.07526131e+01 7.86337357e+01 1.12536573e+01 1.64660299e+00
    1.68440876e+01 -1.</_>
  <_>
    2.34506836e+01 9.92344208e+01 1.16313400e+01 1.82569921e+00
    8.70665054e+01 -1.</_>
  <_>
    2.16547394e+01 6.99674225e+01 1.12490921e+01 1.63805532e+00
    7.47040710e+01 -9.99999940e-01</_>
  <_>
    4.04017143e+01 4.98859062e+01 1.11538963e+01 1.60521793e+00
    3.44156921e+02 -9.99999940e-01</_>
  <_>
    2.18697948e+01 2.33629494e+01 1.05847731e+01 1.36009252e+00
    1.98180588e+02 -1.</_>
  <_>
    4.00272980e+01 2.74765911e+01 1.09756842e+01 1.52924824e+00
    1.29935303e+02 -1.</_>
  <_>
    2.16287746e+01 6.01509247e+01 1.13230877e+01 1.67254186e+00
    2.25304337e+02 -9.99999940e-01</_>
  <_>
    3.67411957e+01 8.28412857e+01 1.21283350e+01 2.01954055e+00
    6.72365952e+01 -1.</_>
  <_>
    3.98483391e+01 1.02966919e+02 1.09045448e+01 1.50723982e+00
    1.04095543e+02 -9.99999940e-01</_>
  <_>
    2.22756405e+01 7.31672363e+01 1.14217939e+01 1.71345186e+00
    2.86661041e+02 -1.</_>
  <_>
    2.23445225e+01 1.01663872e+02 1.06579638e+01 1.39359486e+00
    3.10474213e+02 -1.</_>
  <_>
    3.79598656e+01 9.96613617e+01 1.12906008e+01 1.67455292e+00
    4.17211914e+01 -1.</_>
  <_>
    2.21142979e+01 2.70593300e+01 1.06965961e+01 1.39735770e+00
    3.44340271e+02 -1.</_>
  <_>
    2.63695240e+01 9.98612976e+01 1.10610609e+01 1.57101798e+00
    2.26038803e+02 -1.</_>
  <_>
    4.11813583e+01 2.72310848e+01 1.07251225e+01 1.41622365e+00
    3.18191620e+02 -9.99999940e-01</_>
  <_>
    2.22494602e+01 1.01555527e+02 1.08996525e+01 1.50252783e+00
    5.95714722e+01 -1.</_>
  <_>
    2.54177647e+01 4.59984474e+01 1.17593699e+01 1.86151791e+00
    9.33761063e+01 -1.</_>
  <_>
    2.25599461e+01 9.83988037e+01 1.14654922e+01 1.74783182e+00
    1.12417992e+02 -9.99999940e-01</_>
  <_>
    4.05897903e+01 5.50932999e+01 1.11817408e+01 1.61039114e+00
    2.52585999e+02 -1.</_>
  <_>
    2.89254112e+01 7.86756363e+01 1.18027248e+01 1.88824379e+00
    1.81994568e+02 -1.</_>
  <_>
    2.19678593e+01 2.27864666e+01 1.03726282e+01 1.25650942e+00
    3.12589050e+02 -1.</_>
  <_>
    2.22172966e+01 4.87121124e+01 1.13541489e+01 1.68893945e+00
    1.31116577e+02 -1.</_>
  <_>
    2.30493279e+01 4.82728882e+01 1.13923235e+01 1.70471442e+00
    1.94793427e+02 -1.</_>
  <_>
    4.08692284e+01 2.47802544e+01 1.05232401e+01 1.32830417e+00
    1.30047369e+01 -9.99999940e-01</_>
  <_>
    2.99034290e+01 1.02157455e+02 1.07017107e+01 1.40773249e+00
    3.45964844e+02 -1.</_>
  <_>
    2.33883801e+01 4.20954399e+01 1.15660667e+01 1.77205253e+00
    1.15187359e+01 -1.</_>
  <_>
    2.18431911e+01 9.95800781e+01 1.08365164e+01 1.47125149e+00
    1.74227657e+01 -9.99999940e-01</_>
  <_>
    2.40732327e+01 4.72637978e+01 1.16450424e+01 1.80751622e+00
    3.92593384e+01 -1.</_>
  <_>
    3.93553467e+01 2.66215057e+01 1.08049536e+01 1.44706035e+00
    1.84189087e+02 -9.99999940e-01</_>
  <_>
    3.96953583e+01 1.03540154e+02 1.05614643e+01 1.34504461e+00
    1.71081085e+02 -1.</_>
  <_>
    4.10862846e+01 6.16197510e+01 1.11156015e+01 1.59307539e+00
    4.67998352e+01 -1.</_>
  <_>
    2.33619099e+01 7.80872116e+01 1.17155619e+01 1.84651101e+00
    1.35396652e+02 -1.</_>
  <_>
    4.14965019e+01 9.82884750e+01 1.07018280e+01 1.41258252e+00
    3.20257904e+02 -1.</_>
  <_>
    3.31823006e+01 1.02486610e+02 1.10984020e+01 1.59263861e+00
    1.35577164e+02 -1.</_>
  <_>
    3.94955139e+01 8.26643143e+01 1.12600756e+01 1.65110528e+00
    2.94676086e+02 -1.</_>
  <_>
    2.36571846e+01 4.32943382e+01 1.14733181e+01 1.73671532e+00
    2.47680206e+02 -1.</_>
  <_>
    4.04553070e+01 2.64937744e+01 1.06858168e+01 1.39523292e+00
    1.57941086e+02 -1.</_>
  <_>
    2.34578056e+01 7.57195816e+01 1.14935350e+01 1.74559605e+00
    3.21445435e+02 -1.</_>
  <_>
    2.21825809e+01 2.34778347e+01 1.05978689e+01 1.36000609e+00
    1.41436981e+02 -9.99999940e-01</_>
  <_>
    2.31433716e+01 2.34142475e+01 1.09038067e+01 1.49623489e+00
    8.23245163e+01 -9.99999940e-01</_>
  <_>
    2.45093384e+01 4.95679321e+01 1.19387207e+01 1.93358243e+00
    2.70890778e+02 -1.</_>
  <_>
    3.95964394e+01 1.03460045e+02 1.09154186e+01 1.51955569e+00
    7.38858032e+01 -1.</_>
  <_>
    2.22103920e+01 2.21888313e+01 1.04452362e+01 1.29210091e+00
    1.96539135e+01 -1.</_>
  <_>
    3.96017456e+01 8.15733566e+01 1.12301645e+01 1.63314736e+00
    1.56605087e+02 -1.</_>
  <_>
    2.28582573e+01 4.42126923e+01 1.13653545e+01 1.69363987e+00
    1.62008759e+02 -1.</_>
  <_>
    4.05627937e+01 2.55852604e+01 1.05551090e+01 1.34057188e+00
    2.08231903e+02 -1.</_>
  <_>
    2.25402565e+01 2.55444527e+01 1.08798714e+01 1.48578262e+00
    1.11324692e+02 -1.</_>
  <_>
    2.40615215e+01 4.70434761e+01 1.16046486e+01 1.78906918e+00
    2.96802490e+02 -1.</_>
  <_>
    2.52211170e+01 4.45557785e+01 1.16864500e+01 1.83054101e+00
    6.62068787e+01 -1.</_>
  <_>
    4.08675270e+01 6.00779572e+01 1.10207415e+01 1.54443657e+00
    2.00758682e+02 -9.99999940e-01</_>
  <_>
    3.83036270e+01 4.66541939e+01 1.15930223e+01 1.78803492e+00
    2.24284943e+02 -1.</_>
  <_>
    2.47866478e+01 4.66278915e+01 1.16183290e+01 1.80677962e+00
    3.21984100e+02 -1.</_>
  <_>
    4.09488716e+01 2.63113079e+01 1.07097712e+01 1.40919292e+00
    7.12459564e+01 -1.</_>
  <_>
