<?xml version="1.0"?>
<opencv_storage>
<centroids>
  <_>
    3.04323654e+01 1.01710686e+02 1.95360889e+01 1.05115622e-01
    3.93211136e+01 7.14786202e-02</_>
  <_>
    4.13191299e+01 5.16037140e+01 2.00473804e+01 1.12876259e-01
    2.64456543e+02 5.12820520e-02</_>
  <_>
    4.17692032e+01 5.17268753e+01 1.96757774e+01 1.01716459e-01
    1.76318970e+02 9.66306403e-02</_>
  <_>
    2.41789532e+01 4.14512672e+01 2.15832310e+01 1.74599260e-01
    8.77105637e+01 3.77311967e-02</_>
  <_>
    3.88913651e+01 7.51494904e+01 2.06951580e+01 1.52746186e-01
    3.50457550e+02 1.00422494e-01</_>
  <_>
    4.04716301e+01 5.20727272e+01 2.09254398e+01 1.50845706e-01
    1.07646961e+01 1.92958236e-01</_>
  <_>
    2.11699524e+01 1.05275284e+02 1.81026402e+01 3.68166603e-02
    2.67169678e+02 9.18557048e-02</_>
  <_>
    2.97089691e+01 2.56218643e+01 1.92430153e+01 8.46915022e-02
    2.16716721e+02 1.65890574e-01</_>
  <_>
    4.18605995e+01 2.46866302e+01 1.88371487e+01 5.85417785e-02
    2.68265259e+02 9.36668515e-02</_>
  <_>
    2.18371410e+01 2.18119335e+01 1.87177334e+01 5.22035658e-02
    9.14917221e+01 7.92234987e-02</_>
  <_>
    2.32630920e+01 7.54489670e+01 1.94175625e+01 1.10663079e-01
    5.91984825e+01 1.35304660e-01</_>
  <_>
    3.22312660e+01 7.20896835e+01 1.96854935e+01 1.26499027e-01
    2.16995789e+02 1.72920689e-01</_>
  <_>
    2.21700630e+01 6.34427223e+01 2.04407291e+01 1.39383405e-01
    1.17690039e+01 1.19409464e-01</_>
  <_>
    4.10935211e+01 2.87887745e+01 1.90537071e+01 8.17490518e-02
    1.34196823e+02 1.75855517e-01</_>
  <_>
    3.28434830e+01 2.36769829e+01 1.91867695e+01 8.00438598e-02
    3.19390533e+02 1.92982465e-01</_>
  <_>
    2.23170547e+01 4.65428238e+01 2.09601307e+01 1.45599529e-01
    1.76816879e+02 1.78972244e-01</_>
  <_>
    2.22219315e+01 2.92323341e+01 1.96839275e+01 9.03571397e-02
    3.48640472e+02 1.44285709e-01</_>
  <_>
    2.49219131e+01 4.05878563e+01 2.19499874e+01 1.91120178e-01
    2.69449188e+02 1.41107425e-01</_>
  <_>
    3.19929676e+01 2.46872597e+01 1.89732723e+01 7.40131587e-02
    3.97646599e+01 1.39802635e-01</_>
  <_>
    4.04255447e+01 1.00650436e+02 1.99613171e+01 9.75063965e-02
    1.21889200e+01 6.64961636e-02</_>
  <_>
    3.86457291e+01 1.00518799e+02 1.91716480e+01 9.24253017e-02
    1.25767410e+02 1.01459354e-01</_>
  <_>
    3.94217148e+01 7.87453918e+01 2.06241417e+01 1.50343329e-01
    1.85121124e+02 7.98698887e-02</_>
  <_>
    4.16955566e+01 7.93815613e+01 1.96932011e+01 9.18070897e-02
    9.59195938e+01 9.41313133e-02</_>
  <_>
    3.92104034e+01 5.41103783e+01 2.09428024e+01 1.62393168e-01
    2.90314545e+02 2.69559510e-02</_>
  <_>
    2.16253033e+01 9.50471497e+01 1.99563847e+01 1.06265061e-01
    1.77223648e+02 6.02409653e-02</_>
  <_>
    3.96911392e+01 2.69431477e+01 2.01024799e+01 1.11668065e-01
    1.04739151e+02 8.21498260e-02</_>
  <_>
    2.18427849e+01 6.83257904e+01 2.02998638e+01 1.26774848e-01
    1.90119171e+02 1.12237997e-01</_>
  <_>
    4.15926399e+01 1.02039436e+02 1.88981094e+01 6.44024312e-02
    2.64485535e+02 1.11823134e-01</_>
  <_>
    3.79555740e+01 7.77766953e+01 2.07298546e+01 1.52644649e-01
    3.47001457e+01 1.58679441e-01</_>
  <_>
    2.32382545e+01 6.17572937e+01 2.05404243e+01 1.34986877e-01
    2.70055603e+02 5.36608621e-02</_>
  <_>
    2.11415157e+01 2.17351437e+01 1.80893650e+01 3.58716175e-02
    2.73755219e+02 6.29326627e-02</_>
  <_>
    3.11079655e+01 1.01166801e+02 1.80184021e+01 5.78994639e-02
    3.18405243e+02 1.75044894e-01</_>
  <_>
    2.97407398e+01 4.55336494e+01 2.15737534e+01 1.88177884e-01
    2.02890762e+02 2.29934931e-01</_>
  <_>
    2.38070641e+01 7.91803741e+01 2.01779499e+01 1.37413874e-01
    1.36313049e+02 1.41467378e-01</_>
  <_>
    3.63052216e+01 4.55226021e+01 2.07435169e+01 1.59775749e-01
    3.24873199e+02 2.07428157e-01</_>
  <_>
    3.51594772e+01 1.02066025e+02 1.95803356e+01 9.16473269e-02
    6.49145126e+01 4.69837561e-02</_>
  <_>
    2.14935131e+01 3.19061794e+01 1.96034298e+01 9.74097103e-02
    1.17787952e+01 5.43597266e-02</_>
  <_>
    3.05271168e+01 9.96951370e+01 1.86209431e+01 7.33775795e-02
    2.35051361e+02 1.12831861e-01</_>
  <_>
    4.14424820e+01 2.48857918e+01 1.92194862e+01 7.10256398e-02
    8.26715012e+01 7.58974329e-02</_>
  <_>
    3.13136292e+01 7.15301056e+01 2.05235176e+01 1.54317006e-01
    2.46189545e+02 1.26932979e-01</_>
  <_>
    3.93496933e+01 7.80703506e+01 2.14430904e+01 1.72805309e-01
    1.03562460e+01 1.18249789e-01</_>
  <_>
    2.83779697e+01 9.95307770e+01 1.90791721e+01 9.44614410e-02
    2.03936234e+02 1.33537218e-01</_>
  <_>
    2.25931721e+01 2.38676167e+01 1.86813488e+01 6.33707866e-02
    1.22432861e+02 1.02921344e-01</_>
  <_>
    2.73170357e+01 1.02033348e+02 2.01231976e+01 1.15987465e-01
    1.52987793e+02 4.45141084e-02</_>
  <_>
    3.50987434e+01 1.01830971e+02 1.90087318e+01 8.06845948e-02
    2.90805756e+02 1.08627319e-01</_>
  <_>
    4.15015373e+01 2.54236679e+01 1.90027294e+01 6.38007522e-02
    1.83859406e+02 1.02695324e-01</_>
  <_>
    3.48639526e+01 4.95914536e+01 2.09733162e+01 1.60106748e-01
    6.56853333e+01 1.56104073e-01</_>
  <_>
    2.24053478e+01 7.20731659e+01 2.09095783e+01 1.51830986e-01
    1.66080399e+02 1.47605643e-01</_>
  <_>
    3.99726067e+01 4.87631645e+01 2.11159973e+01 1.58699811e-01
    3.49665070e+02 1.75908223e-01</_>
  <_>
    4.12972870e+01 1.04072098e+02 1.92489052e+01 6.21221587e-02
    9.13733673e+01 1.15697309e-01</_>
  <_>
    4.16108894e+01 9.97252350e+01 1.89038391e+01 6.90189973e-02
    3.48752869e+02 1.32221788e-01</_>
  <_>
    3.41609497e+01 7.28931580e+01 1.98626652e+01 1.28700659e-01
    3.21692596e+02 1.97368428e-01</_>
  <_>
    4.14537201e+01 5.24968262e+01 1.98549175e+01 1.00292116e-01
    9.14880142e+01 1.20740026e-01</_>
  <_>
    2.12811756e+01 5.91148376e+01 1.97050419e+01 9.53781530e-02
    3.47878082e+02 1.06722690e-01</_>
  <_>
    3.92763977e+01 1.02661995e+02 1.95299244e+01 8.81392807e-02
    1.78742920e+02 7.36307576e-02</_>
  <_>
    2.13239689e+01 2.39940147e+01 1.89398823e+01 6.49261400e-02
    1.86239258e+02 1.17141873e-01</_>
  <_>
    2.42652283e+01 1.03372993e+02 1.97054043e+01 9.02842879e-02
    1.09550728e+02 7.52889737e-02</_>
  <_>
    2.34363518e+01 7.88867111e+01 2.09149742e+01 1.58197835e-01
    1.06932663e+02 6.91056922e-02</_>
  <_>
    3.16836987e+01 5.11437492e+01 1.99076996e+01 1.33116886e-01
    3.79910202e+01 2.22634509e-01</_>
  <_>
    2.44599152e+01 4.93020668e+01 2.10552521e+01 1.58935875e-01
    1.11969803e+02 1.44611195e-01</_>
  <_>
    3.73091660e+01 2.53494873e+01 1.94619064e+01 9.11817625e-02
    2.93208038e+02 1.48770243e-01</_>
  <_>
    3.07684689e+01 2.59169731e+01 1.94931622e+01 9.78426039e-02
    1.59058548e+02 1.04831360e-01</_>
  <_>
    4.15948868e+01 7.57017746e+01 1.94912338e+01 9.71543565e-02
    2.71811798e+02 1.78499565e-01</_>
  <_>
    4.04264984e+01 6.37493019e+01 1.94143181e+01 1.05592839e-01
    1.20182541e+02 1.35570467e-01</_>
  <_>
    4.02727165e+01 2.49910545e+01 1.91824856e+01 8.06969255e-02
    1.07253885e+01 1.25171944e-01</_>
  <_>
    2.32935772e+01 9.55579300e+01 2.05640068e+01 1.34465203e-01
    1.23903904e+01 2.34295428e-02</_>
  <_>
    2.32908802e+01 6.48255157e+01 2.06837215e+01 1.41498759e-01
    8.82262726e+01 1.11161426e-01</_>
  <_>
    2.10564480e+01 4.38042297e+01 1.89095497e+01 7.99326897e-02
    3.00380402e+02 1.61968872e-01</_>
  <_>
    2.68420296e+01 8.80502396e+01 2.40433464e+01 2.85481244e-01
    8.59412689e+01 1.27942204e-01</_>
  <_>
    2.63648415e+01 2.51911144e+01 1.95070648e+01 1.00942127e-01
    6.44869614e+01 1.18438758e-01</_>
  <_>
    4.13768082e+01 2.45484219e+01 1.89925709e+01 7.09509626e-02
    3.47361145e+02 9.36106965e-02</_>
  <_>
