<?xml version="1.0"?>
<opencv_storage>
<centroids>
  <_>
    3.75141602e+01 5.13676491e+01 4. 0. -1. -1.</_>
  <_>
    3.27468567e+01 1.12434761e+02 4. 0. -1. -1.</_>
  <_>
    1.59401741e+01 1.37540264e+01 4. 0. -1. -1.</_>
  <_>
    1.32638397e+01 8.03557053e+01 4. 0. -1. -1.</_>
  <_>
    4.90310898e+01 8.59665833e+01 4. 0. -1. -1.</_>
  <_>
    4.76868286e+01 1.45485287e+01 4. 0. -1. -1.</_>
  <_>
    3.76857948e+01 3.72001114e+01 3.99999976e+00 0. -9.99999940e-01
    -9.99999940e-01</_>
  <_>
    2.48805885e+01 1.02484520e+02 3.99999976e+00 0. -9.99999940e-01
    -9.99999940e-01</_>
  <_>
    1.38111000e+01 5.03667984e+01 4. 0. -1. -1.</_>
  <_>
    4.93871498e+01 9.94044266e+01 4. 0. -1. -1.</_>
  <_>
    3.69048080e+01 6.54239960e+01 4. 0. -1. -1.</_>
  <_>
    1.47315159e+01 1.12055466e+02 4. 0. -1. -1.</_>
  <_>
    2.61387024e+01 2.76451530e+01 3.99999976e+00 0. -9.99999940e-01
    -9.99999940e-01</_>
  <_>
    4.92355232e+01 5.84662895e+01 4. 0. -1. -1.</_>
  <_>
    3.83437614e+01 2.38163681e+01 4. 0. -1. -1.</_>
  <_>
    4.93128204e+01 4.40046387e+01 4. 0. -1. -1.</_>
  <_>
    2.46431446e+01 7.28011246e+01 4. 0. -1. -1.</_>
  <_>
    3.10290871e+01 1.38902159e+01 4. 0. -1. -1.</_>
  <_>
    4.80741081e+01 1.12351631e+02 4. 0. -1. -1.</_>
  <_>
    4.91613922e+01 7.23962326e+01 4. 0. -1. -1.</_>
  <_>
    1.39744205e+01 2.45935001e+01 4. 0. -1. -1.</_>
  <_>
    1.35549774e+01 6.48543701e+01 4. 0. -1. -1.</_>
  <_>
    1.42419186e+01 3.68444595e+01 4. 0. -1. -1.</_>
  <_>
    2.58903255e+01 4.30700569e+01 4. 0. -1. -1.</_>
  <_>
    2.53229122e+01 5.77648506e+01 4. 0. -1. -1.</_>
  <_>
    3.66894341e+01 7.96855011e+01 4. 0. -1. -1.</_>
  <_>
    1.31408091e+01 9.62624817e+01 4. 0. -1. -1.</_>
  <_>
    3.70246124e+01 9.57581253e+01 4. 0. -1. -1.</_>
  <_>
    2.49472656e+01 8.78992081e+01 4. 0. -1. -1.</_>
  <_>
    4.95228729e+01 2.91605511e+01 4. 0. -1. -1.</_></centroids>
</opencv_storage>
