<?xml version="1.0"?>
<opencv_storage>
<centroids>
  <_>
    1.26437559e+01 3.85048141e+01</_>
  <_>
    2.82142200e+01 1.20869934e+02</_>
  <_>
    5.79450493e+01 1.32052927e+01</_>
  <_>
    3.80146141e+01 6.44097824e+01</_>
  <_>
    2.97414608e+01 1.36730938e+01</_>
  <_>
    4.76830959e+00 3.75986362e+00</_>
  <_>
    1.25687199e+01 9.37810516e+01</_>
  <_>
    5.75548477e+01 5.61793137e+01</_>
  <_>
    1.57205219e+01 1.04721153e+02</_>
  <_>
    5.72298431e+01 1.08389458e+02</_>
  <_>
    2.73768368e+01 6.49728470e+01</_>
  <_>
    6.00149107e+00 7.83419724e+01</_>
  <_>
    2.85632572e+01 8.77529984e+01</_>
  <_>
    3.87274017e+01 3.89632759e+01</_>
  <_>
    4.76257849e+00 2.14601517e+01</_>
  <_>
    4.81550446e+01 8.28126831e+01</_>
  <_>
    5.92502785e+01 4.71899939e+00</_>
  <_>
    4.44676399e+01 5.20883942e+00</_>
  <_>
    5.38516808e+00 5.95016327e+01</_>
  <_>
    5.71143341e+01 3.92404518e+01</_>
  <_>
    2.34164619e+01 2.26584225e+01</_>
  <_>
    2.09701214e+01 4.19448996e+00</_>
  <_>
    5.75268698e+00 1.21548973e+02</_>
  <_>
    3.87724762e+01 1.21329918e+02</_>
  <_>
    4.69768410e+01 7.33714294e+01</_>
  <_>
    3.07461567e+01 4.72033501e+01</_>
  <_>
    2.64143353e+01 7.62499161e+01</_>
  <_>
    4.63087616e+01 1.05072594e+02</_>
  <_>
    1.70039577e+01 8.38453369e+01</_>
  <_>
    5.76327133e+01 1.20744080e+02</_>
  <_>
    1.41645374e+01 5.21750641e+01</_>
  <_>
    2.01421986e+01 4.44977837e+01</_>
  <_>
    2.35992088e+01 1.10922455e+02</_>
  <_>
    3.33127480e+01 2.13712044e+01</_>
  <_>
    4.88327360e+00 3.09231968e+01</_>
  <_>
    4.97886963e+01 2.37191467e+01</_>
  <_>
    2.13798580e+01 1.29184904e+01</_>
  <_>
    1.65445995e+01 1.20250633e+02</_>
  <_>
    3.76046562e+01 9.67206345e+01</_>
  <_>
    5.81685600e+01 6.57842407e+01</_>
  <_>
    3.63867378e+01 5.22114897e+00</_>
  <_>
    5.75924339e+01 9.70741196e+01</_>
  <_>
    5.28891182e+00 4.94410095e+01</_>
  <_>
    4.71535339e+01 5.53267059e+01</_>
  <_>
    1.36025381e+01 1.65653648e+01</_>
  <_>
    3.83194733e+01 8.60811234e+01</_>
  <_>
    4.67191353e+01 4.52901726e+01</_>
  <_>
    5.80912476e+01 3.06348476e+01</_>
  <_>
    5.20223274e+01 5.14765406e+00</_>
  <_>
    1.59498253e+01 6.33028221e+01</_>
  <_>
    2.82220707e+01 3.83446121e+01</_>
  <_>
    4.77261200e+01 9.36540604e+01</_>
  <_>
    2.44237785e+01 5.54918289e+01</_>
  <_>
    4.86952248e+01 6.44275589e+01</_>
  <_>
    3.92603645e+01 1.44912329e+01</_>
  <_>
    3.59854584e+01 1.10070602e+02</_>
  <_>
    4.93263674e+00 1.00490562e+02</_>
  <_>
    4.83035135e+00 1.19104500e+01</_>
  <_>
    4.80427132e+01 1.18149376e+02</_>
  <_>
    3.65078087e+01 7.55178604e+01</_>
  <_>
    4.78594666e+01 3.37368889e+01</_>
  <_>
    2.14975986e+01 9.48873596e+01</_>
  <_>
    5.83675995e+01 2.18765430e+01</_>
  <_>
    1.62008171e+01 7.32301331e+01</_>
  <_>
    2.87610130e+01 5.04240847e+00</_>
  <_>
    1.36612959e+01 2.66662960e+01</_>
  <_>
    6.63096094e+00 1.11289413e+02</_>
  <_>
    5.56713963e+00 6.89421082e+01</_>
  <_>
    1.31578169e+01 6.06914520e+00</_>
  <_>
    3.21250305e+01 3.01220188e+01</_>
  <_>
    3.68614655e+01 5.37848434e+01</_>
  <_>
    4.37480927e+00 4.04420090e+01</_>
  <_>
    2.88593750e+01 1.01010147e+02</_>
  <_>
    4.82238960e+01 1.45748177e+01</_>
  <_>
    4.14150772e+01 2.59480972e+01</_>
  <_>
    5.76358528e+01 7.53436584e+01</_>
  <_>
    5.02386236e+00 8.83345490e+01</_>
  <_>
    5.73354836e+01 4.75452042e+01</_>
  <_>
    2.08674965e+01 3.25993881e+01</_>
  <_>
    5.78414803e+01 8.60900574e+01</_></centroids>
</opencv_storage>
