<?xml version="1.0"?>
<opencv_storage>
<centroids>
  <_>
    5.82073936e+01 1.08051765e+02</_>
  <_>
    1.43939762e+01 4.02738380e+01</_>
  <_>
    5.78826790e+01 1.82783928e+01</_>
  <_>
    5.04361687e+01 6.31712418e+01</_>
  <_>
    2.27525692e+01 1.06723381e+02</_>
  <_>
    3.93879433e+01 3.23040276e+01</_>
  <_>
    1.62191868e+01 1.58802433e+01</_>
  <_>
    1.48232145e+01 8.16129684e+01</_>
  <_>
    4.36809120e+01 1.21377266e+02</_>
  <_>
    5.81951904e+01 2.80213699e+01</_>
  <_>
    5.76943855e+01 8.62840652e+01</_>
  <_>
    2.66532898e+01 1.52567940e+01</_>
  <_>
    1.40931988e+01 6.19025612e+01</_>
  <_>
    3.95249557e+01 9.60616684e+01</_>
  <_>
    2.19877872e+01 5.50505142e+01</_>
  <_>
    4.93305397e+00 5.05466175e+00</_>
  <_>
    5.80516129e+01 5.64718895e+01</_>
  <_>
    3.66015091e+01 1.46000605e+01</_>
  <_>
    3.94526443e+01 4.97154427e+01</_>
  <_>
    2.29821568e+01 4.38717003e+01</_>
  <_>
    4.87752266e+01 1.49584427e+01</_>
  <_>
    1.93152962e+01 1.21292992e+02</_>
  <_>
    4.82602615e+01 1.02045563e+02</_>
  <_>
    4.64624634e+01 8.25948105e+01</_>
  <_>
    3.27695274e+01 5.98188324e+01</_>
  <_>
    4.66149855e+00 7.82907791e+01</_>
  <_>
    3.72059288e+01 7.86296768e+01</_>
  <_>
    5.12621212e+00 3.68475342e+01</_>
  <_>
    5.18810797e+00 9.87416992e+01</_>
  <_>
    5.85152397e+01 6.71104202e+01</_>
  <_>
    4.52836800e+00 2.82177982e+01</_>
  <_>
    4.66288185e+01 4.04851227e+01</_>
  <_>
    5.01303911e+00 4.63876343e+01</_>
  <_>
    5.71161842e+01 3.69520569e+01</_>
  <_>
    1.61782856e+01 9.11747742e+01</_>
  <_>
    2.59735222e+01 3.38314133e+01</_>
  <_>
    5.00192261e+01 5.20417595e+00</_>
  <_>
    1.44375401e+01 1.12552483e+02</_>
  <_>
    4.41784143e+00 6.64488068e+01</_>
  <_>
    1.38625069e+01 5.07119675e+01</_>
  <_>
    2.29037724e+01 5.81801367e+00</_>
  <_>
    4.23358192e+01 2.17988987e+01</_>
  <_>
    5.16110039e+00 1.38431263e+01</_>
  <_>
    6.21230602e+00 1.21113304e+02</_>
  <_>
    1.05020533e+01 7.19850845e+01</_>
  <_>
    5.79053116e+01 9.69559479e+01</_>
  <_>
    2.19410648e+01 2.42327690e+01</_>
  <_>
    4.98599930e+01 1.13073959e+02</_>
  <_>
    5.71414452e+01 1.20849411e+02</_>
  <_>
    4.91683006e+01 2.80953407e+01</_>
  <_>
    2.57577324e+01 9.51913528e+01</_>
  <_>
    4.11566162e+01 5.86784601e+00</_>
  <_>
    3.19415512e+01 5.62125874e+00</_>
  <_>
    3.23864136e+01 2.47429867e+01</_>
  <_>
    1.39821911e+01 5.85038471e+00</_>
  <_>
    5.84697533e+01 6.86759043e+00</_>
  <_>
    3.17951889e+01 1.21876595e+02</_>
  <_>
    3.25244293e+01 1.02805412e+02</_>
  <_>
    3.44724731e+01 4.07111664e+01</_>
  <_>
    2.97155552e+01 1.13365913e+02</_>
  <_>
    2.43582268e+01 6.41724854e+01</_>
  <_>
    4.00869713e+01 1.09720673e+02</_>
  <_>
    4.77837372e+01 7.27260666e+01</_>
  <_>
    4.92019730e+01 5.13962059e+01</_>
  <_>
    1.89241600e+01 7.23578949e+01</_>
  <_>
    3.47836800e+01 8.80103149e+01</_>
  <_>
    5.14033985e+00 5.64922028e+01</_>
  <_>
    3.84156952e+01 6.82573700e+01</_>
  <_>
    4.84702950e+01 9.13935165e+01</_>
  <_>
    5.76541176e+01 4.62383232e+01</_>
  <_>
    5.52641773e+00 8.84450989e+01</_>
  <_>
    7.85040951e+00 2.15322456e+01</_>
  <_>
    5.20792532e+00 1.09663750e+02</_>
  <_>
    1.46937809e+01 1.01046127e+02</_>
  <_>
    1.47358055e+01 3.03074455e+01</_>
  <_>
    5.74031677e+01 7.67695694e+01</_>
  <_>
    4.25290451e+01 5.91214066e+01</_>
  <_>
    2.87676353e+01 7.30005569e+01</_>
  <_>
    2.99431973e+01 5.01701050e+01</_>
  <_>
    2.52183876e+01 8.33482895e+01</_></centroids>
</opencv_storage>
