<?xml version="1.0"?>
<opencv_storage>
<centroids>
  <_>
    2.13252964e+01 1.45250893e+01 7. 0. -1. -1.</_>
  <_>
    3.66484299e+01 7.25395432e+01 7. 0. -1. -1.</_>
  <_>
    4.81656914e+01 1.19068909e+02 7. 0. -1. -1.</_>
  <_>
    4.91237488e+01 4.91001587e+01 7. 0. -1. -1.</_>
  <_>
    6.32395220e+00 9.27736816e+01 7.00000048e+00 0. -1. -1.</_>
  <_>
    2.46580601e+01 5.02546387e+01 7. 0. -1. -1.</_>
  <_>
    4.90974503e+01 1.77171993e+01 7. 0. -1. -1.</_>
  <_>
    5.62340775e+01 8.42813873e+01 7. 0. -1. -1.</_>
  <_>
    3.87638435e+01 1.12095337e+02 6.99999952e+00 0. -9.99999940e-01
    -9.99999940e-01</_>
  <_>
    4.07388573e+01 4.62415581e+01 7. 0. -1. -1.</_>
  <_>
    2.18667145e+01 1.09306480e+02 7. 0. -1. -1.</_>
  <_>
    1.60195885e+01 6.73401489e+01 7. 0. -1. -1.</_>
  <_>
    3.08296890e+01 9.05491714e+01 7. 0. -1. -1.</_>
  <_>
    3.55836182e+01 2.49100571e+01 7. 0. -1. -1.</_>
  <_>
    6.16773367e+00 4.06269875e+01 7. 0. -1. -1.</_>
  <_>
    5.65692787e+01 1.06453148e+02 7. 0. -1. -1.</_>
  <_>
    4.25827141e+01 7.14257288e+00 7. 0. -1. -1.</_>
  <_>
    1.65056667e+01 9.86549072e+01 7. 0. -9.99999940e-01 -9.99999940e-01</_>
  <_>
    5.66308823e+01 4.51877441e+01 7. 0. -1. -1.</_>
  <_>
    7.96544218e+00 1.20467033e+02 7. 0. -1. -1.</_>
  <_>
    5.60224104e+00 1.99280643e+01 7. 0. -1. -1.</_>
  <_>
    6.71902370e+00 7.10270920e+01 7. 0. -1. -1.</_>
  <_>
    4.62437439e+01 6.65406876e+01 7. 0. -1. -1.</_>
  <_>
    3.23292274e+01 4.23048592e+01 7. 0. -1. -1.</_>
  <_>
    3.82334366e+01 3.48835449e+01 7. 0. -1. -1.</_>
  <_>
    3.97433243e+01 9.29589691e+01 7. 0. -1. -1.</_>
  <_>
    6.47710371e+00 5.06251488e+01 7. 0. -1. -1.</_>
  <_>
    3.51935043e+01 6.32487869e+01 7. 0. -1. -1.</_>
  <_>
    3.12438126e+01 1.54046555e+01 7. 0. -1. -1.</_>
  <_>
    5.63900452e+01 9.47177582e+01 7. 0. -1. -1.</_>
  <_>
    1.85526237e+01 3.05190468e+01 7. 0. -1. -1.</_>
  <_>
    6.35256147e+00 8.16480942e+01 7. 0. -1. -1.</_>
  <_>
    2.18165531e+01 8.82023315e+01 7. 0. -1. -1.</_>
  <_>
    2.56113091e+01 6.40052557e+00 7. 0. -1. -1.</_>
  <_>
    4.43522797e+01 5.72036896e+01 7. 0. -1. -1.</_>
  <_>
    5.60301399e+01 6.48617783e+01 7. 0. -1. -1.</_>
  <_>
    5.61772041e+01 3.58161430e+01 7. 0. -1. -1.</_>
  <_>
    5.70606375e+00 1.11773491e+02 7. 0. -1. -1.</_>
  <_>
    1.17428589e+01 1.41014872e+01 7. 0. -1. -1.</_>
  <_>
    5.56775589e+01 2.72046356e+01 7. 0. -9.99999940e-01 -9.99999940e-01</_>
  <_>
    1.58756094e+01 5.72581749e+01 7. 0. -1. -1.</_>
  <_>
    5.02273026e+01 7.12645245e+00 7.00000048e+00 0. -1. -1.</_>
  <_>
    2.99291039e+01 1.10318779e+02 6.99999952e+00 0. -9.99999940e-01
    -9.99999940e-01</_>
  <_>
    1.50893335e+01 2.27146816e+01 7. 0. -1. -1.</_>
  <_>
    3.92029610e+01 1.20735374e+02 7. 0. -1. -1.</_>
  <_>
    6.84865713e+00 1.02177109e+02 6.99999952e+00 0. -9.99999940e-01
    -9.99999940e-01</_>
  <_>
    4.72297401e+01 3.82182465e+01 7. 0. -1. -1.</_>
  <_>
    5.67492905e+01 1.18628731e+02 7. 0. -9.99999940e-01 -9.99999940e-01</_>
  <_>
    5.93300962e+00 7.31254387e+00 7. 0. -1. -1.</_>
  <_>
    3.46391830e+01 6.83449888e+00 7. 0. -1. -1.</_>
  <_>
    6.72114754e+00 6.05879288e+01 7. 0. -1. -1.</_>
  <_>
    2.76190643e+01 7.97821198e+01 7. 0. -1. -1.</_>
  <_>
    3.38931465e+01 5.33065872e+01 7. 0. -1. -1.</_>
  <_>
    4.55518837e+01 2.75293522e+01 7. 0. -1. -1.</_>
  <_>
    4.72221336e+01 8.69144745e+01 7. 0. -1. -1.</_>
  <_>
    6.88430452e+00 3.02169914e+01 7. 0. -1. -1.</_>
  <_>
    1.51747923e+01 4.73069649e+01 7. 0. -1. -1.</_>
  <_>
    5.61531219e+01 5.58554001e+01 7. 0. -1. -1.</_>
  <_>
    1.56232119e+01 6.15680361e+00 7. 0. -1. -1.</_>
  <_>
    5.74236336e+01 7.98094559e+00 7. 0. -1. -1.</_>
  <_>
    2.51561546e+01 6.05978088e+01 7. 0. -1. -1.</_>
  <_>
    1.90398750e+01 1.19937904e+02 7. 0. -1. -1.</_>
  <_>
    4.64134560e+01 7.65613861e+01 7. 0. -1. -1.</_>
  <_>
    2.54938030e+01 2.29825993e+01 7. 0. -1. -1.</_>
  <_>
    5.60943260e+01 7.43281250e+01 7. 0. -1. -1.</_>
  <_>
    2.57953663e+01 7.03835449e+01 7. 0. -1. -1.</_>
  <_>
    2.65044384e+01 9.94100113e+01 7. 0. -1. -1.</_>
  <_>
    1.38484411e+01 1.10146477e+02 7. 0. -1. -1.</_>
  <_>
    2.32021313e+01 4.02552719e+01 7. 0. -1. -1.</_>
  <_>
    4.76690598e+01 9.84826584e+01 7. 0. -1. -1.</_>
  <_>
    2.85926228e+01 3.20438232e+01 7. 0. -1. -1.</_>
  <_>
    3.68658829e+01 1.02098251e+02 7. 0. -1. -1.</_>
  <_>
    4.05062675e+01 1.68499031e+01 7. 0. -1. -1.</_>
  <_>
    2.94412498e+01 1.20158127e+02 6.99999952e+00 0. -9.99999940e-01
    -9.99999940e-01</_>
  <_>
    3.75359116e+01 8.26154404e+01 7. 0. -1. -1.</_>
  <_>
    1.65328903e+01 7.76019516e+01 7. 0. -1. -1.</_>
  <_>
    1.33706017e+01 8.79712677e+01 7. 0. -1. -1.</_>
  <_>
    4.73756332e+01 1.08440651e+02 7. 0. -1. -1.</_>
  <_>
    5.72379112e+01 1.83705502e+01 7. 0. -1. -1.</_>
  <_>
    1.42560377e+01 3.77252998e+01 7. 0. -1. -1.</_></centroids>
</opencv_storage>
