<?xml version="1.0"?>
<opencv_storage>
<centroids>
  <_>
    5.14294586e+01 2.22579670e+01 8.02313614e+00 5.50219297e-01
    3.50122762e+00 -1.</_>
  <_>
    2.37861443e+01 9.24127808e+01 1.51721754e+01 3.41011834e+00
    3.63404155e+00 -1.</_>
  <_>
    2.01659889e+01 4.60944214e+01 8.30109787e+00 6.90637052e-01
    3.69751406e+00 -1.</_>
  <_>
    4.37836571e+01 6.17670441e+01 8.28189087e+00 6.82567179e-01
    3.70047808e+00 -1.</_>
  <_>
    3.86021957e+01 1.01232399e+02 8.28188801e+00 6.81486905e-01
    3.50879264e+00 -1.</_>
  <_>
    1.20040617e+01 1.24779701e+01 8.12461090e+00 6.05809152e-01
    3.56292772e+00 -1.</_>
  <_>
    2.03699532e+01 5.55756340e+01 8.14950085e+00 6.15081429e-01
    3.67741442e+00 -1.</_>
  <_>
    3.12374458e+01 1.20477924e+01 8.29368687e+00 6.90436065e-01
    3.27172065e+00 -1.</_>
  <_>
    3.77976494e+01 7.22618637e+01 1.55471621e+01 3.53319335e+00
    3.35248637e+00 -1.</_>
  <_>
    3.78944550e+01 3.57683487e+01 1.58793430e+01 3.64584208e+00
    3.44490075e+00 -1.</_>
  <_>
    1.92212029e+01 7.57498245e+01 9.26803780e+00 1.11930752e+00
    3.51822519e+00 -9.99999940e-01</_>
  <_>
    2.07660599e+01 1.06377922e+02 1.40434246e+01 3.03331995e+00
    3.69606829e+00 -1.</_>
  <_>
    2.26014099e+01 2.32695351e+01 1.62438869e+01 3.75098825e+00
    3.41833735e+00 -1.</_>
  <_>
    4.16863976e+01 2.36998272e+01 1.56565733e+01 3.57413435e+00
    3.00674176e+00 -9.99999940e-01</_>
  <_>
    5.12818413e+01 1.15287346e+02 7.90984297e+00 4.90503192e-01
    3.54953504e+00 -1.</_>
  <_>
    4.47104340e+01 4.34293251e+01 9.46864796e+00 1.20688212e+00
    3.59854555e+00 -1.</_>
  <_>
    5.20042953e+01 8.71919098e+01 7.89974499e+00 4.84876573e-01
    3.30274081e+00 -1.</_>
  <_>
    1.17192993e+01 3.33211288e+01 8.21211052e+00 6.48725212e-01
    3.87080741e+00 -1.</_>
  <_>
    2.91239090e+01 6.17830734e+01 9.76108360e+00 1.30245411e+00
    3.60861707e+00 -1.</_>
  <_>
    5.15649796e+01 3.00062866e+01 8.06908989e+00 5.74586987e-01
    3.47515535e+00 -1.</_>
  <_>
    1.19108953e+01 4.26653404e+01 8.26020527e+00 6.71998501e-01
    3.92766786e+00 -1.</_>
  <_>
    5.16713181e+01 6.68298874e+01 8.17733097e+00 6.27814889e-01
    3.33465981e+00 -1.</_>
  <_>
    3.17863331e+01 1.12505989e+02 9.14838505e+00 1.06608355e+00
    3.51596951e+00 -1.</_>
  <_>
    1.13338709e+01 9.12862167e+01 8.03339481e+00 5.57773113e-01
    3.66276932e+00 -1.</_>
  <_>
    4.57484665e+01 8.10674286e+01 9.83191109e+00 1.38140535e+00
    3.44907546e+00 -1.</_>
  <_>
    1.19957180e+01 6.07741928e+01 8.28237152e+00 6.82178617e-01
    3.69687676e+00 -1.</_>
  <_>
    4.06253700e+01 1.16953526e+01 8.11054516e+00 5.96192420e-01
    3.15903544e+00 -1.</_>
  <_>
    3.59732742e+01 7.97656937e+01 8.51029396e+00 7.76043117e-01
    3.63282609e+00 -1.</_>
  <_>
    3.66504097e+01 4.72788048e+01 8.25211716e+00 6.66835189e-01
    3.66601491e+00 -1.</_>
  <_>
    2.09078217e+01 6.81379089e+01 1.49998360e+01 3.37681723e+00
    3.72710276e+00 -1.</_>
  <_>
    2.08226223e+01 5.75882530e+01 1.49627104e+01 3.36645508e+00
    3.62594199e+00 -1.</_>
  <_>
    1.13347168e+01 2.30380363e+01 7.99219751e+00 5.37297070e-01
    3.88266921e+00 -1.</_>
  <_>
    3.62768021e+01 6.66780090e+01 8.48479652e+00 7.68681347e-01
    3.51731777e+00 -1.</_>
  <_>
    1.24825668e+01 1.14777031e+02 8.08770275e+00 5.82031250e-01
    3.69831944e+00 -1.</_>
  <_>
    4.55017624e+01 5.24896927e+01 9.63689613e+00 1.28679323e+00
    3.51668382e+00 -1.</_>
  <_>
    5.20908737e+01 3.97046852e+01 7.96435213e+00 5.19888341e-01
    3.42591906e+00 -1.</_>
  <_>
    4.50762291e+01 1.08996460e+02 1.09702339e+01 1.88300133e+00
    3.50793433e+00 -1.</_>
  <_>
    3.15131931e+01 9.15848923e+01 8.55297661e+00 7.90156186e-01
    3.48722005e+00 -9.99999940e-01</_>
  <_>
    4.53996849e+01 1.78778610e+01 1.05569916e+01 1.70583308e+00
    3.33900642e+00 -1.</_>
  <_>
    2.86884270e+01 2.98003349e+01 8.92451572e+00 9.64923382e-01
    3.66083121e+00 -1.</_>
  <_>
    2.90043106e+01 4.17844620e+01 9.20361328e+00 1.08046234e+00
    3.65817904e+00 -1.</_>
  <_>
    2.60553551e+01 2.00601521e+01 8.67566395e+00 8.53622496e-01
    3.70967817e+00 -1.</_>
  <_>
    1.84555435e+01 8.68587112e+01 9.43482018e+00 1.19460499e+00
    3.54226565e+00 -9.99999940e-01</_>
  <_>
    1.19575968e+01 7.01489716e+01 8.20908546e+00 6.45350158e-01
    3.72056389e+00 -1.</_>
  <_>
    1.83098717e+01 2.76413422e+01 9.34863567e+00 1.15804994e+00
    3.69727349e+00 -1.</_>
  <_>
    2.81908779e+01 5.15870247e+01 9.04778099e+00 1.01266110e+00
    3.76066971e+00 -1.</_>
  <_>
    2.92831974e+01 7.22867889e+01 8.83553410e+00 9.25935030e-01
    3.61857724e+00 -1.</_>
  <_>
    5.20110474e+01 5.79890099e+01 8.07423115e+00 5.75743616e-01
    3.45200109e+00 -1.</_>
  <_>
    5.21943169e+01 7.61990967e+01 7.89324522e+00 4.82356369e-01
    3.37885070e+00 -1.</_>
  <_>
    2.21666985e+01 1.17975225e+01 8.16276455e+00 6.23477578e-01
    3.22000623e+00 -9.99999940e-01</_>
  <_>
    4.90391960e+01 9.67308273e+01 9.19001007e+00 1.08959436e+00
    3.39205384e+00 -9.99999940e-01</_>
  <_>
    4.00884628e+01 2.77288208e+01 8.33646870e+00 7.02497542e-01
    3.75999117e+00 -1.</_>
  <_>
    1.18400192e+01 5.17967949e+01 8.22308159e+00 6.52584970e-01
    3.85217571e+00 -1.</_>
  <_>
    1.75698891e+01 1.81601238e+01 1.06678600e+01 1.75202036e+00
    3.59564877e+00 -1.</_>
  <_>
    2.05959377e+01 3.67565956e+01 8.28230858e+00 6.81770861e-01
    3.65837812e+00 -1.</_>
  <_>
    4.25602303e+01 8.99101715e+01 9.09277916e+00 1.03752565e+00
    3.56416035e+00 -1.</_>
  <_>
    1.84523621e+01 9.72836685e+01 9.23699093e+00 1.10564780e+00
    3.50370622e+00 -9.99999940e-01</_>
  <_>
    3.95664024e+01 1.15472977e+02 8.00406265e+00 5.37446797e-01
    3.76367307e+00 -1.</_>
  <_>
    1.21352797e+01 1.04193565e+02 8.08464146e+00 5.81934154e-01
    3.79176784e+00 -1.</_>
  <_>
    3.86560402e+01 8.62664719e+01 1.55017872e+01 3.51873064e+00
    3.40531898e+00 -1.</_>
  <_>
    4.57562447e+01 3.43394432e+01 1.00830288e+01 1.49066174e+00
    3.59605455e+00 -1.</_>
  <_>
    3.85203514e+01 1.01457314e+02 1.60477600e+01 3.69511580e+00
    3.50441027e+00 -1.</_>
  <_>
    2.07493973e+01 4.68650513e+01 1.51845579e+01 3.44256759e+00
    3.74396873e+00 -1.</_>
  <_>
    3.80750961e+01 4.83820190e+01 1.59311428e+01 3.66099715e+00
    3.45787215e+00 -9.99999940e-01</_>
  <_>
    3.61252823e+01 3.68107567e+01 8.26549053e+00 6.74437284e-01
    3.68667269e+00 -9.99999940e-01</_>
  <_>
    2.31141968e+01 1.14730621e+02 8.11839199e+00 5.98053932e-01
    3.55823779e+00 -1.</_>
  <_>
    2.07530556e+01 6.56417770e+01 8.21331978e+00 6.48499191e-01
    3.74037027e+00 -1.</_>
  <_>
    4.44957085e+01 7.16449509e+01 9.50753307e+00 1.22263193e+00
    3.56507373e+00 -1.</_>
  <_>
    2.09377708e+01 3.59792900e+01 1.52640333e+01 3.46582007e+00
    3.75091147e+00 -1.</_>
  <_>
    2.78008289e+01 1.01954475e+02 8.81714058e+00 9.10179615e-01
    3.34339356e+00 -1.</_>
  <_>
    3.65187111e+01 1.98327866e+01 8.42746162e+00 7.45430112e-01
    3.67080140e+00 -1.</_>
  <_>
    1.16688280e+01 8.03257141e+01 8.11421967e+00 5.96068680e-01
    3.74371457e+00 -1.</_>
  <_>
    5.14034576e+01 1.23307238e+01 8.05754757e+00 5.69827080e-01
    3.08734035e+00 -1.</_>
  <_>
    3.23590164e+01 2.07462101e+01 1.45458708e+01 3.23229361e+00
    3.13442755e+00 -1.</_>
  <_>
    2.72702923e+01 8.29974747e+01 8.44019413e+00 7.45310962e-01
    3.53828549e+00 -1.</_>
  <_>
    5.21571846e+01 1.04601967e+02 7.81436777e+00 4.41749692e-01
    3.39690065e+00 -1.</_>
  <_>
    4.19618149e+01 6.11912422e+01 1.52498121e+01 3.45964122e+00
    3.27769470e+00 -1.</_>
  <_>
    5.22138672e+01 4.86021652e+01 7.89282846e+00 4.84432250e-01
    3.40345120e+00 -1.</_>
  <_>
