<?xml version="1.0"?>
<opencv_storage>
<centroids>
  <_>
    3.16392727e+01 5.96821289e+01 3.46901178e+00 4006790. 1.79889954e+02
    -1.</_>
  <_>
    3.16159191e+01 6.06782303e+01 3.90651107e+00 15566456.
    1.79842087e+02 -1.</_>
  <_>
    3.16347103e+01 6.01358147e+01 3.83476043e+00 11792109.
    1.79623627e+02 -1.</_>
  <_>
    3.16455250e+01 5.97316895e+01 3.61580253e+00 6957397. 1.79745132e+02
    -1.</_>
  <_>
    3.16044807e+01 5.98141289e+01 3.29425168e+00 903840. 1.80235596e+02
    -1.</_>
  <_>
    3.16839943e+01 5.96133499e+01 3.37473631e+00 2.47753675e+06
    1.79723862e+02 -1.</_>
  <_>
    3.16504803e+01 5.97666893e+01 3.68657994e+00 8495233. 1.80143677e+02
    -1.</_>
  <_>
    3.16404438e+01 6.04071732e+01 3.88719416e+00 13617761.
    1.79661819e+02 -9.99999940e-01</_>
  <_>
    3.16656036e+01 5.98047600e+01 3.54477143e+00 5477256. 1.79817642e+02
    -1.</_>
  <_>
    3.16502190e+01 5.98958740e+01 3.77466106e+00 10095875.
    1.79937103e+02 -1.</_></centroids>
</opencv_storage>
