<?xml version="1.0"?>
<opencv_storage>
<centroids>
  <_>
    4.12585793e+01 5.21867943e+01 1.95297451e+01 8.28984678e-02
    1.80623978e+02 1.63858667e-01</_>
  <_>
    2.22756538e+01 6.67754211e+01 1.96372051e+01 9.44605619e-02
    2.80977478e+02 1.67802453e-01</_>
  <_>
    3.47792244e+01 7.89424210e+01 1.96968765e+01 1.07777096e-01
    1.22591064e+02 2.10859358e-01</_>
  <_>
    2.95709705e+01 5.16382599e+01 2.02395649e+01 1.12443775e-01
    7.53421593e+00 1.80778027e-01</_>
  <_>
    3.44818230e+01 9.98861847e+01 1.85952682e+01 7.33399391e-02
    3.20410614e+02 2.16551051e-01</_>
  <_>
    2.90373764e+01 2.44074001e+01 1.90945606e+01 7.31766820e-02
    6.85516739e+01 1.91153750e-01</_>
  <_>
    4.23032074e+01 8.39343491e+01 1.87103634e+01 4.10262533e-02
    9.59162674e+01 1.06871597e-01</_>
  <_>
    4.04180412e+01 2.63376865e+01 1.90137768e+01 6.75047338e-02
    2.89559326e+02 1.95281550e-01</_>
  <_>
    2.32698574e+01 7.89649811e+01 1.98897972e+01 1.04866564e-01
    3.48626617e+02 1.60648882e-01</_>
  <_>
    2.77723274e+01 7.78666840e+01 2.02774467e+01 1.27419040e-01
    1.57749588e+02 2.14600489e-01</_>
  <_>
    4.23001480e+01 6.73598480e+01 1.89775162e+01 6.68029413e-02
    3.48673737e+02 2.06726760e-01</_>
  <_>
    2.83959770e+01 1.01429581e+02 1.81229362e+01 5.81213757e-02
    2.36747910e+02 1.72244534e-01</_>
  <_>
    3.93947411e+01 4.93559074e+01 2.03700027e+01 1.21784933e-01
    2.53486237e+02 1.62844747e-01</_>
  <_>
    2.21194210e+01 2.41493969e+01 1.86751251e+01 5.04631400e-02
    3.46723175e+02 1.93168655e-01</_>
  <_>
    2.11131229e+01 5.10174179e+01 1.96749077e+01 7.82667249e-02
    8.95530624e+01 1.54615656e-01</_>
  <_>
    3.32289047e+01 2.38894920e+01 1.85998459e+01 5.76473661e-02
    1.19640610e+02 2.31714711e-01</_>
  <_>
    3.86050186e+01 4.26899910e+01 2.09343739e+01 1.37332931e-01
    1.00823837e+02 1.69845313e-01</_>
  <_>
    3.33083038e+01 1.02250206e+02 1.93574600e+01 7.88218528e-02
    9.52505875e+00 1.20240979e-01</_>
  <_>
    2.81026974e+01 4.95251656e+01 2.00225792e+01 1.18170269e-01
    2.30024536e+02 2.75730640e-01</_>
  <_>
    4.18757095e+01 1.03390427e+02 1.85414238e+01 3.31629626e-02
    7.99374619e+01 5.07547855e-02</_>
  <_>
    2.48979969e+01 5.01887779e+01 2.04141579e+01 1.19317695e-01
    3.51485229e+02 1.71513855e-01</_>
  <_>
    4.13469238e+01 2.65555763e+01 1.90902882e+01 6.51644841e-02
    1.75689026e+02 1.65580601e-01</_>
  <_>
    3.95202370e+01 7.79303131e+01 2.00605164e+01 1.15665771e-01
    2.90092743e+02 1.94411024e-01</_>
  <_>
    2.11442299e+01 2.69350128e+01 1.87749195e+01 5.60531616e-02
    1.15809755e+01 1.81546763e-01</_>
  <_>
    4.09211617e+01 1.01564934e+02 1.89439983e+01 5.71742319e-02
    2.59465240e+02 1.45387992e-01</_>
  <_>
    2.15748215e+01 2.60598488e+01 1.92907028e+01 7.09778219e-02
    9.23587952e+01 1.45261139e-01</_>
  <_>
    2.11155930e+01 7.60013351e+01 1.91870632e+01 6.03257939e-02
    9.88850632e+01 1.14386298e-01</_>
  <_>
    2.17569160e+01 2.61587925e+01 1.84362793e+01 4.98927645e-02
    3.06090851e+02 2.65379846e-01</_>
  <_>
    4.02304764e+01 7.79961014e+01 2.00313530e+01 1.05850093e-01
    1.81381378e+02 1.48446068e-01</_>
  <_>
    2.17582264e+01 7.27778549e+01 1.96153507e+01 7.77575672e-02
    7.98468246e+01 1.48303747e-01</_>
  <_>
    4.15301437e+01 7.59519424e+01 1.94651260e+01 7.25545213e-02
    7.63428650e+01 1.24019288e-01</_>
  <_>
    2.22021790e+01 2.72227821e+01 1.89620247e+01 6.43596873e-02
    2.50905716e+02 1.90530986e-01</_>
  <_>
    4.15940056e+01 3.05284901e+01 1.92248230e+01 6.96504414e-02
    3.50614136e+02 1.85185179e-01</_>
  <_>
    4.04907646e+01 1.02104095e+02 1.88830032e+01 6.26081303e-02
    1.75811401e+02 1.07266441e-01</_>
  <_>
    4.13133965e+01 1.02707970e+02 1.86994171e+01 4.96108942e-02
    2.78704468e+02 1.47859916e-01</_>
  <_>
    2.11928482e+01 1.00297302e+02 1.90650902e+01 6.55873790e-02
    1.78490387e+02 1.31755918e-01</_>
  <_>
    4.08497543e+01 2.86743298e+01 1.90992031e+01 7.00735971e-02
    2.03207031e+02 2.34995335e-01</_>
  <_>
    3.05269985e+01 2.50369320e+01 1.85672245e+01 5.66704795e-02
    4.14792175e+01 2.78777152e-01</_>
  <_>
    4.09293213e+01 2.56206741e+01 1.91308880e+01 6.19832203e-02
    2.66018005e+02 1.32847428e-01</_>
  <_>
    3.23516273e+01 4.77775536e+01 2.01887703e+01 1.25585943e-01
    3.27161285e+02 2.80859381e-01</_>
  <_>
    3.13937721e+01 2.54122658e+01 1.88596706e+01 6.53600991e-02
    1.49445862e+02 2.62486935e-01</_>
  <_>
    3.48112869e+01 1.00956841e+02 1.90823135e+01 7.00846612e-02
    3.50383972e+02 1.50987759e-01</_>
  <_>
    3.17692375e+01 5.20041428e+01 1.93564949e+01 9.32582989e-02
    3.09003353e+01 2.81727344e-01</_>
  <_>
    2.98478012e+01 7.14378891e+01 1.98862801e+01 1.11061893e-01
    3.16895203e+02 2.90665478e-01</_>
  <_>
    2.13129940e+01 1.05600883e+02 1.82804604e+01 3.06026079e-02
    2.67632202e+02 1.58617213e-01</_>
  <_>
    3.33317337e+01 1.00701256e+02 1.84868641e+01 6.75424635e-02
    3.74755020e+01 1.66401282e-01</_>
  <_>
    4.12803917e+01 7.63585892e+01 1.97794380e+01 8.88805240e-02
    2.67114105e+02 1.74427360e-01</_>
  <_>
    4.15715294e+01 2.78646126e+01 1.88776226e+01 6.12871274e-02
    1.06294384e+01 2.19603956e-01</_>
  <_>
    2.58257103e+01 5.26842728e+01 1.94849892e+01 9.45793614e-02
    1.18376457e+02 2.57096022e-01</_>
  <_>
    2.21234512e+01 2.55209732e+01 1.85829296e+01 5.58923371e-02
    2.16470764e+02 2.48302624e-01</_>
  <_>
    4.12342262e+01 5.39155006e+01 1.96001034e+01 8.41073319e-02
    2.74178986e+02 1.07327141e-01</_>
  <_>
    3.21594048e+01 7.60880203e+01 1.95546532e+01 1.04677342e-01
    4.74918518e+01 2.64382213e-01</_>
  <_>
    2.26719761e+01 6.28016129e+01 1.98895760e+01 9.88768339e-02
    2.60694153e+02 1.54972240e-01</_>
  <_>
    2.36961632e+01 4.34014969e+01 2.09752903e+01 1.38349384e-01
    2.72356140e+02 1.24492176e-01</_>
  <_>
    2.40928268e+01 4.62752190e+01 2.05038204e+01 1.26024127e-01
    1.96505341e+02 2.46432856e-01</_>
  <_>
    2.46892910e+01 9.96271057e+01 1.88629131e+01 7.19847903e-02
    6.64003830e+01 9.70662832e-02</_>
  <_>
    4.14410362e+01 2.29887981e+01 1.87039623e+01 4.93984409e-02
    9.03126602e+01 1.44373670e-01</_>
  <_>
    3.83318176e+01 6.36627502e+01 2.16850529e+01 1.57264799e-01
    9.37130203e+01 1.49935052e-01</_>
  <_>
    2.27015133e+01 1.00898140e+02 1.88479309e+01 5.87502085e-02
    1.09040710e+02 6.86388537e-02</_>
  <_>
    2.17752724e+01 7.89542770e+01 1.94985027e+01 9.07206982e-02
    1.19548664e+01 1.77527055e-01</_>
  <_>
    2.31012688e+01 9.96977158e+01 1.85764599e+01 6.04469180e-02
    2.92500153e+02 1.49006292e-01</_>
  <_>
    2.20190639e+01 2.25598469e+01 1.85298786e+01 4.08800319e-02
    2.75332550e+02 1.26951084e-01</_>
  <_>
    3.20804634e+01 4.94442215e+01 2.04957962e+01 1.31552920e-01
    2.98031799e+02 2.26838112e-01</_>
  <_>
    2.18899307e+01 2.36932220e+01 1.85510902e+01 4.47920971e-02
    1.81890610e+02 1.68876082e-01</_>
  <_>
    2.94649277e+01 5.12052574e+01 1.97488842e+01 1.06656976e-01
    6.13175507e+01 2.59736210e-01</_>
  <_>
    2.25900555e+01 4.76446991e+01 1.97949791e+01 9.63845104e-02
    1.70942261e+02 2.11103499e-01</_>
  <_>
    4.02673759e+01 2.52438507e+01 1.85148201e+01 5.30855991e-02
    2.36304413e+02 2.58128732e-01</_>
  <_>
    2.35973167e+01 8.60793304e+01 2.09187489e+01 1.31910563e-01
    2.68035767e+02 1.63109750e-01</_>
  <_>
    3.24130783e+01 7.57246704e+01 2.00030975e+01 1.18884943e-01
    2.40738632e+02 2.64462054e-01</_>
  <_>
    3.03687458e+01 9.80658035e+01 1.92867508e+01 8.72407779e-02
    2.05438721e+02 2.18306258e-01</_>
  <_>
    4.01611862e+01 4.63313293e+01 2.03444195e+01 1.09463699e-01
    8.15518723e+01 1.68503299e-01</_>
  <_>
