<?xml version="1.0"?>
<opencv_storage>
<centroids>
  <_>
    2.16293221e+01 3.44392395e+01 4. 0. -1. -1.</_>
  <_>
    4.34493942e+01 6.83177414e+01 4. 0. -1. -1.</_>
  <_>
    1.20747871e+01 9.74383926e+01 4. 0. -1. -1.</_>
  <_>
    3.62119026e+01 8.40008850e+01 4. 0. -1. -1.</_>
  <_>
    4.24838867e+01 1.23183889e+01 4. 0. -1. -1.</_>
  <_>
    1.22413073e+01 5.51816902e+01 4. 0. -1. -1.</_>
  <_>
    3.79228210e+01 1.07232224e+02 4. 0. -1. -1.</_>
  <_>
    5.09433060e+01 3.79138451e+01 3.99999976e+00 0. -9.99999940e-01
    -9.99999940e-01</_>
  <_>
    1.18408251e+01 2.20810490e+01 4. 0. -1. -1.</_>
  <_>
    5.08191986e+01 5.35910912e+01 4. 0. -1. -1.</_>
  <_>
    2.76543617e+01 6.48225937e+01 4. 0. -1. -1.</_>
  <_>
    5.12894402e+01 7.79773712e+01 4. 0. -1. -1.</_>
  <_>
    1.08977213e+01 7.19566650e+01 4. 0. -1. -1.</_>
  <_>
    5.05598907e+01 2.44335117e+01 4. 0. -1. -1.</_>
  <_>
    2.78162537e+01 4.12302589e+01 4. 0. -1. -1.</_>
  <_>
    2.48526936e+01 1.14823380e+02 4. 0. -1. -1.</_>
  <_>
    3.50057487e+01 1.18675251e+01 4. 0. -1. -1.</_>
  <_>
    1.19658184e+01 4.64034691e+01 4. 0. -1. -1.</_>
  <_>
    4.21414108e+01 1.14734222e+02 4. 0. -1. -1.</_>
  <_>
    4.22888832e+01 9.95754166e+01 4. 0. -1. -1.</_>
  <_>
    2.80431118e+01 4.97910881e+01 4. 0. -1. -1.</_>
  <_>
    1.88683891e+01 1.93691578e+01 3.99999976e+00 0. -9.99999940e-01
    -9.99999940e-01</_>
  <_>
    1.12751875e+01 8.09542999e+01 3.99999976e+00 0. -9.99999940e-01
    -9.99999940e-01</_>
  <_>
    1.21575003e+01 3.06663895e+01 4. 0. -1. -1.</_>
  <_>
    3.57285690e+01 2.63700180e+01 4. 0. -1. -1.</_>
  <_>
    1.19396343e+01 1.28476372e+01 4. 0. -1. -1.</_>
  <_>
    5.08729630e+01 9.35541840e+01 4. 0. -1. -1.</_>
  <_>
    2.37253036e+01 7.42754745e+01 4. 0. -1. -1.</_>
  <_>
    3.06868534e+01 7.31202087e+01 3.99999976e+00 0. -9.99999940e-01
    -9.99999940e-01</_>
  <_>
    2.77625923e+01 8.26898117e+01 4. 0. -1. -1.</_>
  <_>
    2.21460342e+01 5.79477386e+01 3.99999976e+00 0. -9.99999940e-01
    -9.99999940e-01</_>
  <_>
    5.09441490e+01 6.19983101e+01 4. 0. -1. -1.</_>
  <_>
    4.34634628e+01 3.93398743e+01 4. 0. -1. -1.</_>
  <_>
    5.06338387e+01 1.19019632e+01 3.99999976e+00 0. -9.99999940e-01
    -9.99999940e-01</_>
  <_>
    1.97630539e+01 8.89914322e+01 4. 0. -1. -1.</_>
  <_>
    2.78412247e+01 1.07468681e+02 4. 0. -1. -1.</_>
  <_>
    2.11413898e+01 9.78388748e+01 4. 0. -1. -1.</_>
  <_>
    1.99077854e+01 4.25339203e+01 4. 0. -1. -1.</_>
  <_>
    1.94024467e+01 2.71192131e+01 4. 0. -1. -1.</_>
  <_>
    3.22423782e+01 5.74433250e+01 3.99999976e+00 0. -9.99999940e-01
    -9.99999940e-01</_>
  <_>
    3.73561745e+01 7.50538177e+01 3.99999976e+00 0. -9.99999940e-01
    -9.99999940e-01</_>
  <_>
    5.11383476e+01 1.01187698e+02 4. 0. -1. -1.</_>
  <_>
    1.12355118e+01 1.14610832e+02 4. 0. -1. -1.</_>
  <_>
    4.31952782e+01 8.94841309e+01 4. 0. -1. -1.</_>
  <_>
    5.09162483e+01 8.53823929e+01 3.99999976e+00 0. -9.99999940e-01
    -9.99999940e-01</_>
  <_>
    1.79742966e+01 1.14470070e+02 4. 0. -1. -1.</_>
  <_>
    2.02093887e+01 6.58370895e+01 4. 0. -1. -1.</_>
  <_>
    4.39635811e+01 7.89561310e+01 3.99999976e+00 0. -9.99999940e-01
    -9.99999940e-01</_>
  <_>
    2.75442848e+01 2.66520081e+01 4. 0. -1. -1.</_>
  <_>
    3.07720032e+01 3.41066856e+01 4. 0. -1. -1.</_>
  <_>
    3.58505287e+01 9.30925217e+01 4. 0. -1. -1.</_>
  <_>
    4.23314896e+01 2.06098118e+01 3.99999976e+00 0. -9.99999940e-01
    -9.99999940e-01</_>
  <_>
    3.57715874e+01 4.33074226e+01 4. 0. -1. -1.</_>
  <_>
    5.10851555e+01 4.53314133e+01 4. 0. -1. -1.</_>
  <_>
    2.75313816e+01 1.19289131e+01 4. 0. -1. -1.</_>
  <_>
    1.96553326e+01 1.05812614e+02 4. 0. -1. -1.</_>
  <_>
    3.80755539e+01 3.42802124e+01 4. 0. -1. -1.</_>
  <_>
    5.10642662e+01 1.15006462e+02 4. 0. -1. -1.</_>
  <_>
    1.16511602e+01 1.05990410e+02 4. 0. -1. -1.</_>
  <_>
    5.10399170e+01 3.11270447e+01 3.99999976e+00 0. -9.99999940e-01
    -9.99999940e-01</_>
  <_>
    1.92977390e+01 5.04388237e+01 4. 0. -1. -1.</_>
  <_>
    1.66175060e+01 7.23410492e+01 4. 0. -1. -1.</_>
  <_>
    1.23189077e+01 3.84044418e+01 4. 0. -1. -1.</_>
  <_>
    4.93100243e+01 1.08038300e+02 4. 0. -1. -1.</_>
  <_>
    3.59114532e+01 6.51595230e+01 4. 0. -1. -1.</_>
  <_>
    1.16597576e+01 8.94265976e+01 3.99999976e+00 0. -9.99999940e-01
    -9.99999940e-01</_>
  <_>
    1.22856026e+01 6.34033470e+01 4. 0. -1. -1.</_>
  <_>
    2.78616028e+01 9.17063599e+01 4. 0. -1. -1.</_>
  <_>
    3.30106773e+01 1.14909988e+02 4. 0. -1. -1.</_>
  <_>
    1.84399891e+01 8.09612579e+01 4. 0. -1. -1.</_>
  <_>
    4.28183517e+01 5.85955849e+01 3.99999976e+00 0. -9.99999940e-01
    -9.99999940e-01</_>
  <_>
    5.05825462e+01 1.84979649e+01 4. 0. -1. -1.</_>
  <_>
    3.11649837e+01 1.00384094e+02 3.99999976e+00 0. -9.99999940e-01
    -9.99999940e-01</_>
  <_>
    3.43570175e+01 1.91065311e+01 3.99999976e+00 0. -9.99999940e-01
    -9.99999940e-01</_>
  <_>
    4.40060387e+01 4.81500702e+01 3.99999976e+00 0. -9.99999940e-01
    -9.99999940e-01</_>
  <_>
    4.39268951e+01 2.93287830e+01 3.99999976e+00 0. -9.99999940e-01
    -9.99999940e-01</_>
  <_>
    5.10217400e+01 7.06050720e+01 4. 0. -1. -1.</_>
  <_>
    2.63041420e+01 1.93367043e+01 4. 0. -1. -1.</_>
  <_>
    3.73915520e+01 5.17630005e+01 4. 0. -1. -1.</_>
  <_>
    1.96431980e+01 1.17665243e+01 4. 0. -1. -1.</_></centroids>
</opencv_storage>
