<?xml version="1.0"?>
<opencv_storage>
<centroids>
  <_>
    3.27780342e+01 7.00366058e+01 4. 0. -1. -1.</_>
  <_>
    3.95650101e+01 1.96537075e+01 4. 0. -1. -1.</_>
  <_>
    5.05080566e+01 1.06823921e+02 4. 0. -1. -1.</_>
  <_>
    1.84655190e+01 4.58178520e+01 4. 0. -1. -1.</_>
  <_>
    2.92936325e+01 1.03461723e+02 4. 0. -1. -1.</_>
  <_>
    1.89639568e+01 6.06437950e+01 4. 0. -1. -1.</_>
  <_>
    5.15936279e+01 6.66733093e+01 4. 0. -1. -1.</_>
  <_>
    4.36237068e+01 3.64467583e+01 4. 0. -1. -1.</_>
  <_>
    1.14895630e+01 5.75284729e+01 4. 0. -1. -1.</_>
  <_>
    1.23366776e+01 2.51201725e+01 4. 0. -1. -1.</_>
  <_>
    1.21466541e+01 8.13754196e+01 4. 0. -1. -1.</_>
  <_>
    2.05532837e+01 8.67727585e+01 4. 0. -1. -1.</_>
  <_>
    2.62525635e+01 5.79495354e+01 4. 0. -1. -1.</_>
  <_>
    4.55232048e+01 5.58927040e+01 4. 0. -1. -1.</_>
  <_>
    5.11528397e+01 8.88360748e+01 4. 0. -1. -1.</_>
  <_>
    1.20854616e+01 1.07440331e+02 4. 0. -1. -1.</_>
  <_>
    1.81715736e+01 3.55765419e+01 4. 0. -1. -1.</_>
  <_>
    5.15924110e+01 3.56112518e+01 4. 0. -1. -1.</_>
  <_>
    4.34661598e+01 8.41975708e+01 4. 0. -1. -1.</_>
  <_>
    2.15218124e+01 1.19466248e+01 4. 0. -1. -1.</_>
  <_>
    3.47492867e+01 3.85444984e+01 4. 0. -1. -1.</_>
  <_>
    5.08034706e+01 1.99394779e+01 4. 0. -1. -1.</_>
  <_>
    1.12124434e+01 4.90163765e+01 4. 0. -1. -1.</_>
  <_>
    3.99923897e+01 4.37699966e+01 4. 0. -1. -1.</_>
  <_>
    1.19298553e+01 7.33813095e+01 4. 0. -1. -1.</_>
  <_>
    2.82058945e+01 8.24626694e+01 4. 0. -1. -1.</_>
  <_>
    4.36899300e+01 7.64903564e+01 4. 0. -1. -1.</_>
  <_>
    4.49851189e+01 6.46421204e+01 4. 0. -1. -1.</_>
  <_>
    3.56473351e+01 9.65800018e+01 4. 0. -1. -1.</_>
  <_>
    4.60135002e+01 4.71254311e+01 4. 0. -1. -1.</_>
  <_>
    3.56171684e+01 8.68329544e+01 4. 0. -1. -1.</_>
  <_>
    3.09190540e+01 2.26109619e+01 4. 0. -1. -1.</_>
  <_>
    1.22235546e+01 9.89165726e+01 4. 0. -1. -1.</_>
  <_>
    3.64153023e+01 1.14363617e+02 4. 0. -1. -1.</_>
  <_>
    4.16710014e+01 1.21486692e+01 4. 0. -1. -1.</_>
  <_>
    1.92024612e+01 6.88743668e+01 4. 0. -1. -1.</_>
  <_>
    3.97846718e+01 5.96148529e+01 4. 0. -1. -1.</_>
  <_>
    5.21455536e+01 4.82643661e+01 4. 0. -1. -1.</_>
  <_>
    1.39250593e+01 1.14810257e+02 4. 0. -1. -1.</_>
  <_>
    1.22523737e+01 8.99051514e+01 4. 0. -1. -1.</_>
  <_>
    1.13033161e+01 3.25289383e+01 4. 0. -1. -1.</_>
  <_>
    1.19387484e+01 1.16602945e+01 4. 0. -1. -1.</_>
  <_>
    5.10946846e+01 9.77059326e+01 3.99999976e+00 0. -9.99999940e-01
    -9.99999940e-01</_>
  <_>
    1.81581364e+01 5.33902016e+01 4. 0. -1. -1.</_>
  <_>
    3.54917068e+01 7.77986603e+01 4. 0. -1. -1.</_>
  <_>
    3.69883194e+01 2.97898235e+01 4. 0. -1. -1.</_>
  <_>
    3.14139557e+01 1.25851469e+01 4. 0. -1. -1.</_>
  <_>
    5.13101730e+01 6.04766235e+01 4. 0. -1. -1.</_>
  <_>
    1.13442402e+01 4.08054237e+01 4. 0. -1. -1.</_>
  <_>
    4.38157272e+01 1.00886627e+02 4. 0. -1. -1.</_>
  <_>
    2.05325356e+01 9.59768982e+01 4. 0. -1. -1.</_>
  <_>
    4.01372032e+01 5.14806480e+01 4. 0. -1. -1.</_>
  <_>
    2.57687016e+01 5.09777565e+01 4. 0. -1. -1.</_>
  <_>
    5.11759567e+01 8.03296509e+01 4. 0. -1. -1.</_>
  <_>
    1.18060255e+01 6.53442383e+01 4. 0. -1. -1.</_>
  <_>
    5.16480179e+01 2.86696510e+01 3.99999976e+00 0. -9.99999940e-01
    -9.99999940e-01</_>
  <_>
    5.14347992e+01 4.17277794e+01 4. 0. -1. -1.</_>
  <_>
    2.23819084e+01 1.96621609e+01 4. 0. -1. -1.</_>
  <_>
    2.85465832e+01 4.40356865e+01 4. 0. -1. -1.</_>
  <_>
    5.05600166e+01 7.28238525e+01 3.99999976e+00 0. -9.99999940e-01
    -9.99999940e-01</_>
  <_>
    3.87943878e+01 1.06759087e+02 4. 0. -1. -1.</_>
  <_>
    2.63505630e+01 7.38706207e+01 4. 0. -1. -1.</_>
  <_>
    4.44936218e+01 2.64682751e+01 4. 0. -1. -1.</_>
  <_>
    4.02687378e+01 6.95843353e+01 4. 0. -1. -1.</_>
  <_>
    3.36157532e+01 4.80548134e+01 4. 0. -1. -1.</_>
  <_>
    2.50217266e+01 1.13847084e+02 4. 0. -1. -1.</_>
  <_>
    2.82478371e+01 3.30204048e+01 3.99999976e+00 0. -9.99999940e-01
    -9.99999940e-01</_>
  <_>
    5.09328537e+01 1.18875732e+01 3.99999976e+00 0. -9.99999940e-01
    -9.99999940e-01</_>
  <_>
    2.60890007e+01 6.52438660e+01 4. 0. -1. -1.</_>
  <_>
    5.17062302e+01 5.44015923e+01 4. 0. -1. -1.</_>
  <_>
    1.26632433e+01 1.82524967e+01 4. 0. -1. -1.</_>
  <_>
    1.97859745e+01 7.80046768e+01 4. 0. -1. -1.</_>
  <_>
    3.36528893e+01 6.26924400e+01 3.99999976e+00 0. -9.99999940e-01
    -9.99999940e-01</_>
  <_>
    3.34286652e+01 5.49674683e+01 4. 0. -1. -1.</_>
  <_>
    2.32748566e+01 4.04645576e+01 3.99999976e+00 0. -9.99999940e-01
    -9.99999940e-01</_>
  <_>
    4.85781479e+01 1.14622932e+02 4. 0. -1. -1.</_>
  <_>
    2.04436798e+01 1.05284561e+02 4. 0. -1. -1.</_>
  <_>
    4.32696953e+01 9.23451691e+01 4. 0. -1. -1.</_>
  <_>
    2.82946968e+01 9.22654266e+01 4. 0. -1. -1.</_>
  <_>
    2.14022408e+01 2.76163368e+01 3.99999976e+00 0. -9.99999940e-01
    -9.99999940e-01</_></centroids>
</opencv_storage>
