<?xml version="1.0"?>
<opencv_storage>
<centroids>
  <_>
    1.46608744e+01 8.66043854e+01</_>
  <_>
    5.81989822e+01 5.75797606e+00</_>
  <_>
    4.32087374e+00 4.86829071e+01</_>
  <_>
    4.89959602e+01 7.26774292e+01</_>
  <_>
    3.89406624e+01 1.20856911e+02</_>
  <_>
    5.44748259e+00 1.55569181e+01</_>
  <_>
    5.80300102e+01 2.72881222e+01</_>
  <_>
    2.31337814e+01 2.26740608e+01</_>
  <_>
    2.41091976e+01 1.03526352e+02</_>
  <_>
    6.41025972e+00 1.21942535e+02</_>
  <_>
    4.11462173e+01 1.29100237e+01</_>
  <_>
    4.72281494e+01 1.10815239e+02</_>
  <_>
    3.08016796e+01 5.06339073e+01</_>
  <_>
    2.66721687e+01 6.09083023e+01</_>
  <_>
    1.56220560e+01 5.07749176e+00</_>
  <_>
    4.00251236e+01 6.91039047e+01</_>
  <_>
    5.85778580e+01 9.25533829e+01</_>
  <_>
    5.23782349e+00 7.03329544e+01</_>
  <_>
    5.93498268e+01 4.99846878e+01</_>
  <_>
    3.17962608e+01 8.67753830e+01</_>
  <_>
    5.81681900e+01 1.22224480e+02</_>
  <_>
    5.09800243e+00 2.72422619e+01</_>
  <_>
    4.86715813e+01 2.91403503e+01</_>
  <_>
    3.78890457e+01 3.21878929e+01</_>
  <_>
    1.48818951e+01 9.83130493e+01</_>
  <_>
    2.56227722e+01 1.13450836e+02</_>
  <_>
    5.28479910e+00 5.28403568e+00</_>
  <_>
    4.69847565e+01 6.23771515e+01</_>
  <_>
    4.98026123e+01 9.39002838e+01</_>
  <_>
    5.07860851e+00 9.11424026e+01</_>
  <_>
    5.77174606e+01 8.24757919e+01</_>
  <_>
    3.77633934e+01 4.52894831e+00</_>
  <_>
    5.30752134e+00 1.01657822e+02</_>
  <_>
    1.13714457e+01 5.49263611e+01</_>
  <_>
    5.03074360e+00 8.05072327e+01</_>
  <_>
    5.87528725e+01 1.69059601e+01</_>
  <_>
    2.34229355e+01 9.17802811e+01</_>
  <_>
    4.54805489e+01 3.86741142e+01</_>
  <_>
    4.30182571e+01 1.01627495e+02</_>
  <_>
    5.77435875e+01 1.12509674e+02</_>
  <_>
    4.75742836e+01 8.29002991e+01</_>
  <_>
    1.98898277e+01 1.32826567e+01</_>
  <_>
    1.67040462e+01 3.02830238e+01</_>
  <_>
    5.80533447e+01 6.23574982e+01</_>
  <_>
    3.55582428e+01 1.09965332e+02</_>
  <_>
    2.35585518e+01 4.22889786e+01</_>
  <_>
    3.27961884e+01 9.82084656e+01</_>
  <_>
    3.10422707e+01 1.44784603e+01</_>
  <_>
    4.86624947e+01 5.46345758e+00</_>
  <_>
    5.67503014e+01 1.02700409e+02</_>
  <_>
    4.95553875e+00 1.11858482e+02</_>
  <_>
    1.42118587e+01 4.61703568e+01</_>
  <_>
    3.11890831e+01 6.98660660e+01</_>
  <_>
    1.44168310e+01 7.58407516e+01</_>
  <_>
    4.10768890e+01 2.22525139e+01</_>
  <_>
    4.86080818e+01 1.21649170e+02</_>
  <_>
    1.32129145e+01 2.06989479e+01</_>
  <_>
    1.79558010e+01 1.21719391e+02</_>
  <_>
    4.28137112e+00 6.02760315e+01</_>
  <_>
    5.78926392e+01 3.76278305e+01</_>
  <_>
    4.22145081e+01 5.00297928e+01</_>
  <_>
    2.49520473e+01 7.95077133e+01</_>
  <_>
    2.17230186e+01 6.95115738e+01</_>
  <_>
    3.70880203e+01 5.90921783e+01</_>
  <_>
    1.49160948e+01 1.10643906e+02</_>
  <_>
    2.69337597e+01 3.33727493e+01</_>
  <_>
    5.16256065e+01 4.48798981e+01</_>
  <_>
    3.78410912e+01 7.87104263e+01</_>
  <_>
    5.15334587e+01 5.46368980e+01</_>
  <_>
    2.70554085e+01 4.79909563e+00</_>
  <_>
    5.81888351e+01 7.24813004e+01</_>
  <_>
    5.01752090e+01 1.74343014e+01</_>
  <_>
    2.09358768e+01 5.35455132e+01</_>
  <_>
    1.30087986e+01 3.76791115e+01</_>
  <_>
    4.06205635e+01 9.04941254e+01</_>
  <_>
    2.90823689e+01 1.22317886e+02</_>
  <_>
    3.18722668e+01 2.43841953e+01</_>
  <_>
    3.50144730e+01 4.16651611e+01</_>
  <_>
    1.45760984e+01 6.38120346e+01</_>
  <_>
    4.30210590e+00 3.80066032e+01</_></centroids>
</opencv_storage>
