<?xml version="1.0"?>
<opencv_storage>
<centroids>
  <_>
    2.79329586e+01 4.32799110e+01 8.83918858e+00 9.35585976e-01
    3.27537918e+00 -1.</_>
  <_>
    4.58322830e+01 1.09244698e+02 1.11579800e+01 1.97418571e+00
    3.52473879e+00 -9.99999940e-01</_>
  <_>
    3.18467178e+01 1.22195015e+01 8.39420891e+00 7.43508756e-01
    2.95149350e+00 -1.</_>
  <_>
    2.74352093e+01 8.61021576e+01 9.10280228e+00 1.03885543e+00
    3.28933501e+00 -1.</_>
  <_>
    5.21716003e+01 4.16336136e+01 8.00865078e+00 5.47560275e-01
    3.20385671e+00 -1.</_>
  <_>
    1.20090818e+01 1.19851322e+01 8.16257763e+00 6.27573133e-01
    3.12430859e+00 -9.99999940e-01</_>
  <_>
    1.82718239e+01 1.10029503e+02 1.13189163e+01 2.04493356e+00
    3.60123110e+00 -1.</_>
  <_>
    4.28189812e+01 6.35710907e+01 1.46424913e+01 3.26100421e+00
    3.28780508e+00 -1.</_>
  <_>
    2.31279163e+01 7.62535019e+01 8.47574615e+00 7.69696414e-01
    3.31922722e+00 -1.</_>
  <_>
    3.65020332e+01 2.90979443e+01 8.76291275e+00 9.02455866e-01
    3.24647903e+00 -1.</_>
  <_>
    1.16312580e+01 2.28471031e+01 8.21973228e+00 6.56158328e-01
    3.36503720e+00 -1.</_>
  <_>
    5.17707901e+01 1.03361496e+02 8.03060150e+00 5.57945013e-01
    3.23925924e+00 -1.</_>
  <_>
    4.54596443e+01 4.60798912e+01 9.92763996e+00 1.42768848e+00
    3.27780175e+00 -9.99999940e-01</_>
  <_>
    2.01072636e+01 9.19452972e+01 1.14777279e+01 2.02420497e+00
    3.36044979e+00 -1.</_>
  <_>
    1.15351124e+01 4.18685036e+01 8.25841999e+00 6.74700856e-01
    3.41966844e+00 -1.</_>
  <_>
    1.98260727e+01 5.78582344e+01 1.44137421e+01 3.17748356e+00
    3.48366761e+00 -1.</_>
  <_>
    3.03466167e+01 1.07975372e+02 1.06629076e+01 1.72035611e+00
    3.50636625e+00 -1.</_>
  <_>
    4.56512566e+01 7.57011871e+01 1.00273342e+01 1.47374892e+00
    3.31744576e+00 -1.</_>
  <_>
    5.21635170e+01 2.16813774e+01 7.89221954e+00 4.89278555e-01
    3.21556020e+00 -1.</_>
  <_>
    5.22668915e+01 3.13781986e+01 7.92202997e+00 5.03030896e-01
    3.19025707e+00 -1.</_>
  <_>
    3.48986816e+01 5.97495117e+01 8.39379597e+00 7.37961233e-01
    3.42301345e+00 -1.</_>
  <_>
    1.29517984e+01 8.59924622e+01 8.34537888e+00 7.18623459e-01
    3.38639498e+00 -9.99999940e-01</_>
  <_>
    1.99543610e+01 2.67957611e+01 8.52700138e+00 7.97256708e-01
    3.30508518e+00 -1.</_>
  <_>
    3.13504677e+01 2.04766903e+01 1.44467373e+01 3.20160818e+00
    2.99135518e+00 -1.</_>
  <_>
    1.26607161e+01 6.86594925e+01 8.37184525e+00 7.33613014e-01
    3.44343066e+00 -1.</_>
  <_>
    3.69815292e+01 3.99226303e+01 8.72280788e+00 8.81444812e-01
    3.26910448e+00 -9.99999940e-01</_>
  <_>
    1.22402048e+01 9.52956009e+01 8.33820629e+00 7.14514256e-01
    3.45030761e+00 -9.99999940e-01</_>
  <_>
    2.22092171e+01 1.02241409e+02 1.59866056e+01 3.67684293e+00
    3.56907153e+00 -1.</_>
  <_>
    3.55194092e+01 4.99646263e+01 8.69598007e+00 8.75712514e-01
    3.39356494e+00 -9.99999940e-01</_>
  <_>
    3.84621696e+01 1.02577354e+02 8.31254864e+00 6.99843645e-01
    3.33444953e+00 -1.</_>
  <_>
    5.21971664e+01 8.06616669e+01 7.98943233e+00 5.38399696e-01
    3.28137612e+00 -1.</_>
  <_>
    2.79831753e+01 2.18588638e+01 8.30130863e+00 6.98577881e-01
    3.26643801e+00 -1.</_>
  <_>
    3.08329182e+01 6.05524254e+01 1.45159674e+01 3.21355128e+00
    3.46992040e+00 -1.</_>
  <_>
    3.87937508e+01 1.02629768e+02 1.62410870e+01 3.75127387e+00
    3.48139787e+00 -1.</_>
  <_>
    2.39230366e+01 4.54234276e+01 1.60721550e+01 3.69910169e+00
    3.42283416e+00 -9.99999940e-01</_>
  <_>
    5.13446312e+01 1.15197891e+02 8.05620098e+00 5.68952322e-01
    3.52311873e+00 -1.</_>
  <_>
    5.19659920e+01 5.15831184e+01 8.10809422e+00 5.97103536e-01
    3.24649692e+00 -9.99999940e-01</_>
  <_>
    3.81709480e+01 7.55122910e+01 1.57028236e+01 3.58082700e+00
    3.33149362e+00 -1.</_>
  <_>
    3.92484016e+01 4.93865242e+01 1.60751457e+01 3.70137763e+00
    3.33092928e+00 -1.</_>
  <_>
    1.79262199e+01 4.76804199e+01 9.89464188e+00 1.41268659e+00
    3.37017703e+00 -1.</_>
  <_>
    3.19487438e+01 1.15547150e+02 8.26244736e+00 6.72846615e-01
    3.64286304e+00 -1.</_>
  <_>
    2.27409458e+01 1.19736423e+01 8.24585533e+00 6.68829620e-01
    3.00621653e+00 -1.</_>
  <_>
    3.99404793e+01 2.19307709e+01 1.60386238e+01 3.69201541e+00
    2.87565613e+00 -9.99999940e-01</_>
  <_>
    4.11376457e+01 1.15765953e+01 8.19984627e+00 6.45708442e-01
    2.98132777e+00 -1.</_>
  <_>
    1.25051670e+01 7.73786621e+01 8.43699932e+00 7.64146030e-01
    3.38532043e+00 -1.</_>
  <_>
    1.75070362e+01 1.76600170e+01 1.07956371e+01 1.81961775e+00
    3.22891378e+00 -1.</_>
  <_>
    2.31655293e+01 6.38673325e+01 8.31576538e+00 6.98373199e-01
    3.39753771e+00 -1.</_>
  <_>
    1.19810085e+01 1.04705070e+02 8.29268837e+00 6.92204714e-01
    3.40594554e+00 -1.</_>
  <_>
    3.72724190e+01 9.05067596e+01 8.38570118e+00 7.37893581e-01
    3.28959846e+00 -1.</_>
  <_>
    2.05912323e+01 3.19584274e+01 1.48399811e+01 3.32383561e+00
    3.38063860e+00 -1.</_>
  <_>
    2.29613953e+01 1.15229904e+02 8.13593960e+00 6.10555649e-01
    3.56568432e+00 -1.</_>
  <_>
    4.69352798e+01 1.65567894e+01 1.09032335e+01 1.88805091e+00
    2.99226785e+00 -1.</_>
  <_>
    1.18718328e+01 5.19492989e+01 8.23392868e+00 6.62641287e-01
    3.39412689e+00 -1.</_>
  <_>
    5.14751587e+01 6.98323975e+01 8.24043465e+00 6.64742887e-01
    3.31339359e+00 -1.</_>
  <_>
    4.10084229e+01 6.75394669e+01 8.33604908e+00 7.09366679e-01
    3.40160632e+00 -1.</_>
  <_>
    4.58510513e+01 9.65741959e+01 1.02424564e+01 1.56863678e+00
    3.31970787e+00 -1.</_>
  <_>
    2.83090935e+01 3.28953629e+01 9.40085506e+00 1.16974378e+00
    3.31613946e+00 -1.</_>
  <_>
    4.44806404e+01 5.56324463e+01 9.70173168e+00 1.32173526e+00
    3.36368728e+00 -9.99999940e-01</_>
  <_>
    2.18955994e+01 1.01633858e+02 8.30652237e+00 6.97104156e-01
    3.29498219e+00 -1.</_>
  <_>
    4.04280815e+01 1.14532135e+02 8.61035824e+00 8.29169273e-01
    3.60523963e+00 -1.</_>
  <_>
    1.20469646e+01 3.21182251e+01 8.38151073e+00 7.36107647e-01
    3.37459040e+00 -1.</_>
  <_>
    3.85978699e+01 3.46715050e+01 1.59084044e+01 3.64817762e+00
    3.23266745e+00 -1.</_>
  <_>
    1.27384825e+01 6.02323189e+01 8.38908768e+00 7.41102934e-01
    3.42936206e+00 -1.</_>
  <_>
    3.11136112e+01 7.01354980e+01 9.23705959e+00 1.10553515e+00
    3.32025862e+00 -1.</_>
  <_>
    2.98048992e+01 9.62219315e+01 9.75151157e+00 1.31551504e+00
    3.29567122e+00 -1.</_>
  <_>
    4.57936058e+01 3.62519760e+01 9.94592857e+00 1.43626142e+00
    3.26412964e+00 -1.</_>
  <_>
    2.22903042e+01 2.21618710e+01 1.58105879e+01 3.62080574e+00
    3.14681411e+00 -1.</_>
  <_>
    5.21575661e+01 9.17214355e+01 7.96469784e+00 5.24756551e-01
    3.22056508e+00 -1.</_>
  <_>
    4.58594170e+01 2.65863838e+01 1.00372496e+01 1.47909462e+00
    3.14435887e+00 -1.</_>
  <_>
    2.08709564e+01 8.18066788e+01 1.46048880e+01 3.23075914e+00
    3.36615992e+00 -1.</_>
  <_>
    1.21546621e+01 1.15255821e+02 8.14973068e+00 6.18134677e-01
    3.65880251e+00 -9.99999940e-01</_>
  <_>
    2.51437492e+01 5.37124367e+01 8.60055542e+00 8.27270985e-01
    3.40568399e+00 -9.99999940e-01</_>
  <_>
    3.79423065e+01 8.91849594e+01 1.58971043e+01 3.65077853e+00
    3.23740149e+00 -1.</_>
  <_>
    1.92879677e+01 3.83767090e+01 9.37710571e+00 1.17217779e+00
    3.35530496e+00 -1.</_>
  <_>
    3.52067375e+01 7.96271286e+01 8.72349167e+00 8.85082603e-01
    3.29023385e+00 -1.</_>
  <_>
    3.81227264e+01 2.02749290e+01 8.37238121e+00 7.32866585e-01
    3.27565789e+00 -1.</_>
  <_>
    5.11543541e+01 6.12081680e+01 8.31739521e+00 7.03340650e-01
    3.26721835e+00 -1.</_>
  <_>
    4.55315094e+01 8.57109833e+01 9.95389843e+00 1.44158816e+00
