<?xml version="1.0"?>
<opencv_storage>
<centroids>
  <_>
    3.97717667e+01 4.13378334e+01 1.11711798e+01 1.60747743e+00
    6.93375244e+01 -1.</_>
  <_>
    2.22235985e+01 6.54126358e+01 1.06328011e+01 1.36355054e+00
    2.93543121e+02 -1.</_>
  <_>
    2.39172039e+01 9.93562546e+01 1.02936058e+01 1.21419775e+00
    1.58927521e+02 -9.99999940e-01</_>
  <_>
    3.38204117e+01 2.05251198e+01 9.78164577e+00 9.70027566e-01
    1.91756546e+02 -1.</_>
  <_>
    3.94297714e+01 8.26743469e+01 1.11073399e+01 1.56936681e+00
    6.52784805e+01 -1.</_>
  <_>
    3.97499008e+01 8.19476166e+01 1.09860096e+01 1.52022362e+00
    1.10815201e+02 -1.</_>
  <_>
    2.32018814e+01 4.86457481e+01 1.13784227e+01 1.69087911e+00
    4.45300446e+01 -1.</_>
  <_>
    2.10878239e+01 7.78030014e+01 1.02503986e+01 1.17939293e+00
    1.84908798e+02 -9.99999940e-01</_>
  <_>
    1.95633907e+01 2.92384930e+01 9.85273266e+00 9.99745667e-01
    3.47442505e+02 -1.</_>
  <_>
    2.21750107e+01 6.97608414e+01 1.10796185e+01 1.55841124e+00
    6.91533356e+01 -1.</_>
  <_>
    2.13981419e+01 2.64606724e+01 1.01798782e+01 1.15874624e+00
    1.63761215e+02 -1.</_>
  <_>
    4.18866272e+01 6.30839233e+01 1.03658810e+01 1.24709129e+00
    2.79385223e+02 -1.</_>
  <_>
    4.23717995e+01 2.60788383e+01 1.03530560e+01 1.24850237e+00
    1.34231781e+02 -1.</_>
  <_>
    3.98941994e+01 4.11027870e+01 1.11041718e+01 1.58035076e+00
    1.10406349e+02 -1.</_>
  <_>
    3.36222992e+01 9.95451050e+01 1.07170210e+01 1.41493821e+00
    4.33570824e+01 -1.</_>
  <_>
    3.13014202e+01 2.93525581e+01 1.03464594e+01 1.23762071e+00
    2.23740570e+02 -1.</_>
  <_>
    4.00146942e+01 6.52164154e+01 1.10234556e+01 1.54481292e+00
    9.04923096e+01 -1.</_>
  <_>
    2.86415443e+01 9.99071198e+01 1.02071886e+01 1.16654432e+00
    3.46953064e+02 -1.</_>
  <_>
    4.00554123e+01 8.13354340e+01 1.05774765e+01 1.33382154e+00
    1.61317154e+02 -1.</_>
  <_>
    3.76108818e+01 4.90344658e+01 1.05571966e+01 1.31758702e+00
    3.47376770e+02 -1.</_>
  <_>
    4.08913193e+01 7.96166687e+01 1.04203424e+01 1.25993443e+00
    1.64770679e+01 -1.</_>
  <_>
    3.28815041e+01 6.15224113e+01 1.07908316e+01 1.44225907e+00
    3.17701263e+02 -9.99999940e-01</_>
  <_>
    4.13691902e+01 2.02422867e+01 9.78482056e+00 9.78842080e-01
    1.60514572e+02 -1.</_>
  <_>
    3.99401016e+01 2.87937584e+01 1.09166536e+01 1.49854195e+00
    4.46788292e+01 -1.</_>
  <_>
    4.10200844e+01 2.41635418e+01 1.04480124e+01 1.29940510e+00
    8.99421005e+01 -1.</_>
  <_>
    3.15841179e+01 3.06909561e+01 1.04741507e+01 1.29711294e+00
    2.55219955e+02 -1.</_>
  <_>
    2.35311451e+01 7.65695648e+01 1.12434168e+01 1.63397515e+00
    4.27220306e+01 -1.</_>
  <_>
    3.96211052e+01 7.51908340e+01 1.05045576e+01 1.30059147e+00
    2.00201584e+02 -9.99999940e-01</_>
  <_>
    4.07694397e+01 1.04475624e+02 1.00595512e+01 1.10957325e+00
    7.60699615e+01 -1.</_>
  <_>
    2.12016239e+01 4.96245346e+01 1.08776598e+01 1.47712982e+00
    1.09331238e+02 -9.99999940e-01</_>
  <_>
    2.31060143e+01 6.36170349e+01 1.07379179e+01 1.41893959e+00
    2.21661606e+02 -1.</_>
  <_>
    2.11302814e+01 2.40408630e+01 1.03695593e+01 1.25466716e+00
    6.93185349e+01 -1.</_>
  <_>
    4.04029846e+01 6.14580154e+01 1.09043789e+01 1.48621309e+00
    7.12277527e+01 -1.</_>
  <_>
    2.13020077e+01 1.00184029e+02 1.04495678e+01 1.28263950e+00
    1.16262939e+02 -1.</_>
  <_>
    2.21783810e+01 7.72370071e+01 1.11430321e+01 1.59040058e+00
    8.88480225e+01 -1.</_>
  <_>
    4.01320915e+01 7.70289841e+01 1.04221373e+01 1.25510836e+00
    3.46611511e+02 -1.</_>
  <_>
    3.10853271e+01 9.62845993e+01 1.05694447e+01 1.34885228e+00
    2.21232437e+02 -9.99999940e-01</_>
  <_>
    2.33501930e+01 3.82995567e+01 1.14514618e+01 1.73399389e+00
    9.01608276e+01 -1.</_>
  <_>
    2.15432606e+01 6.96503372e+01 1.04101658e+01 1.25844562e+00
    1.35610218e+01 -1.</_>
  <_>
    2.14978294e+01 2.27577877e+01 1.02818604e+01 1.21684384e+00
    4.35911827e+01 -9.99999940e-01</_>
  <_>
    2.25126553e+01 9.98964767e+01 1.06623259e+01 1.38256848e+00
    9.20866623e+01 -1.</_>
  <_>
    4.12315826e+01 2.09161186e+01 9.98476219e+00 1.07598221e+00
    1.09770416e+02 -1.</_>
  <_>
    2.52319012e+01 4.78119736e+01 1.15946455e+01 1.78871179e+00
    1.33009644e+02 -1.</_>
  <_>
    2.07422218e+01 4.74583015e+01 1.01959333e+01 1.15790844e+00
    1.86637207e+02 -1.</_>
  <_>
    4.04692917e+01 6.28274956e+01 1.02220602e+01 1.16552770e+00
    1.77112442e+02 -1.</_>
  <_>
    2.00937138e+01 6.54222107e+01 1.01233130e+01 1.12558901e+00
    3.47286560e+02 -1.</_>
  <_>
    2.39379578e+01 2.32566319e+01 1.07542906e+01 1.42813778e+00
    1.35607391e+02 -1.</_>
  <_>
    2.14943199e+01 7.34748459e+01 1.08963280e+01 1.48036945e+00
    1.08335350e+02 -1.</_>
  <_>
    2.07575397e+01 2.06356468e+01 9.77826405e+00 9.78997648e-01
    1.58877363e+01 -1.</_>
  <_>
    2.17151966e+01 4.73946533e+01 1.09832239e+01 1.52527201e+00
    7.07378235e+01 -1.</_>
  <_>
    2.12191753e+01 9.71398010e+01 1.05103474e+01 1.31050730e+00
    6.87054672e+01 -1.</_>
  <_>
    3.42185974e+01 1.01760399e+02 1.01392231e+01 1.13547349e+00
    1.86505936e+02 -1.</_>
  <_>
    2.36658630e+01 7.58846893e+01 1.14405928e+01 1.72167432e+00
    1.33600266e+02 -1.</_>
  <_>
    3.96696587e+01 4.69520645e+01 1.05106087e+01 1.29758930e+00
    2.02339905e+02 -1.</_>
  <_>
    2.85630684e+01 1.00538132e+02 1.01776819e+01 1.15633452e+00
    1.42881231e+01 -1.</_>
  <_>
    4.14360390e+01 6.35883064e+01 1.07851400e+01 1.44151676e+00
    1.35250336e+02 -1.</_>
  <_>
    4.02485466e+01 4.61493645e+01 1.06437254e+01 1.36492407e+00
    1.56363586e+02 -1.</_>
  <_>
    2.26662788e+01 6.29868546e+01 1.06956272e+01 1.39670467e+00
    2.58798462e+02 -9.99999940e-01</_>
  <_>
    3.08981724e+01 9.36495819e+01 1.06136646e+01 1.36887610e+00
    3.16184753e+02 -1.</_>
  <_>
    4.01581383e+01 8.47431107e+01 1.09337292e+01 1.50439143e+00
    8.80735855e+01 -9.99999940e-01</_>
  <_>
    3.09726219e+01 3.13655567e+01 1.04693527e+01 1.29565907e+00
    2.87140259e+02 -9.99999940e-01</_>
  <_>
    2.17919617e+01 2.47552128e+01 1.05156841e+01 1.31791902e+00
    1.10036598e+02 -1.</_>
  <_>
    2.19666481e+01 6.19970894e+01 1.05632811e+01 1.33009815e+00
    1.58951569e+02 -1.</_>
  <_>
    2.94721146e+01 3.06699791e+01 1.03753099e+01 1.24958169e+00
    3.17073303e+02 -9.99999940e-01</_>
  <_>
    4.12121277e+01 6.25782394e+01 1.03916721e+01 1.25678086e+00
    2.39389297e+02 -1.</_>
  <_>
    2.22746830e+01 5.67546272e+01 1.11592970e+01 1.60085213e+00
    8.98872070e+01 -1.</_>
  <_>
    3.96151848e+01 2.27204094e+01 9.76258278e+00 9.57493484e-01
    3.47209778e+02 -1.</_>
  <_>
    4.04021530e+01 6.17151680e+01 1.10317039e+01 1.55044270e+00
    4.47111588e+01 -1.</_>
  <_>
    3.90018234e+01 6.09584274e+01 1.11800337e+01 1.60382628e+00
    1.10051353e+02 -1.</_>
  <_>
    3.20770302e+01 9.71882401e+01 1.06120949e+01 1.36489797e+00
    2.84884918e+02 -9.99999940e-01</_>
  <_>
    4.07264595e+01 1.03360924e+02 1.01552582e+01 1.15358913e+00
    1.04410736e+02 -1.</_>
  <_>
    3.84972267e+01 9.78927383e+01 1.06968946e+01 1.39922071e+00
    1.36130219e+02 -9.99999940e-01</_>
  <_>
    2.14672832e+01 2.05172977e+01 1.01194792e+01 1.14794755e+00
    8.99413147e+01 -9.99999940e-01</_>
  <_>
    4.18413239e+01 3.76703072e+01 1.00979185e+01 1.11128592e+00
    1.77765259e+02 -1.</_>
  <_>
    2.08911552e+01 4.34693489e+01 1.03508377e+01 1.23212826e+00
    1.46377382e+01 -9.99999940e-01</_>
  <_>
    3.99667130e+01 2.43911285e+01 1.01549664e+01 1.14390898e+00
    1.58797169e+01 -1.</_>
  <_>
    3.07864857e+01 9.54770889e+01 1.06789379e+01 1.39519072e+00
    2.52399765e+02 -1.</_>
  <_>
