<?xml version="1.0"?>
<opencv_storage>
<centroids>
  <_>
    4.73532181e+01 1.25878563e+01</_>
  <_>
    1.60561752e+01 1.13667862e+02</_>
  <_>
    1.47042923e+01 3.67547340e+01</_>
  <_>
    4.73506546e+01 8.63641510e+01</_>
  <_>
    1.55658112e+01 6.16092682e+01</_>
  <_>
    4.76406136e+01 6.09000511e+01</_>
  <_>
    4.69657211e+01 1.13203331e+02</_>
  <_>
    4.68262253e+01 3.64753494e+01</_>
  <_>
    1.56847239e+01 8.73659973e+01</_>
  <_>
    1.68868313e+01 1.26461706e+01</_></centroids>
</opencv_storage>
