<?xml version="1.0"?>
<opencv_storage>
<centroids>
  <_>
    4.13831711e+01 1.06559410e+02 1.82222614e+01 1.27155548e-02
    8.85249329e+01 3.88434082e-02</_>
  <_>
    2.27083054e+01 6.02688713e+01 1.97823772e+01 9.19178501e-02
    2.73976135e+02 1.08314008e-01</_>
  <_>
    4.07615242e+01 2.35851860e+01 1.87799187e+01 5.60286865e-02
    1.03461021e+02 1.36709988e-01</_>
  <_>
    4.15268631e+01 7.41215668e+01 1.94483662e+01 8.18358958e-02
    1.73761871e+02 1.68218225e-01</_>
  <_>
    2.13752232e+01 7.34827805e+01 1.95096760e+01 8.72258022e-02
    3.49324890e+02 1.50967732e-01</_>
  <_>
    3.11767769e+01 6.70696487e+01 2.93166542e+01 4.71597761e-01
    9.02495193e+01 1.66545808e-01</_>
  <_>
    2.67964058e+01 7.71893311e+01 1.97724361e+01 1.12868875e-01
    5.98815117e+01 2.61940986e-01</_>
  <_>
    4.08910408e+01 5.35404320e+01 1.95279102e+01 9.03198794e-02
    9.43254852e+00 2.53188372e-01</_>
  <_>
    4.05075111e+01 2.79614410e+01 1.90288754e+01 6.78677261e-02
    3.25810425e+02 2.46791720e-01</_>
  <_>
    4.16200333e+01 2.58174915e+01 1.80526772e+01 4.19091955e-02
    1.33241531e+02 2.81140864e-01</_>
  <_>
    3.94373131e+01 7.59170990e+01 2.04804039e+01 1.33564383e-01
    1.97673798e+02 2.16742203e-01</_>
  <_>
    2.23152046e+01 2.31765461e+01 1.86141949e+01 4.64293621e-02
    2.53347504e+02 1.69135526e-01</_>
  <_>
    2.26987572e+01 1.02012489e+02 1.88046856e+01 6.18988909e-02
    1.95027130e+02 1.57090008e-01</_>
  <_>
    2.41182613e+01 4.09665222e+01 2.07515659e+01 1.38223365e-01
    1.74518829e+02 1.97567269e-01</_>
  <_>
    4.12813606e+01 1.06641968e+02 1.80067635e+01 2.72669625e-02
    2.69928986e+02 1.36334822e-01</_>
  <_>
    2.04217548e+01 6.06081963e+01 1.79098759e+01 1.20165227e-02
    8.93343048e+01 1.86256096e-01</_>
  <_>
    3.86270714e+01 9.90192413e+01 1.94991894e+01 1.01402372e-01
    1.56019089e+02 1.43473566e-01</_>
  <_>
    2.22197437e+01 2.37265968e+01 1.89452133e+01 6.32589683e-02
    8.68296623e+00 1.63513139e-01</_>
  <_>
    4.24989204e+01 8.60400696e+01 1.84309330e+01 1.80468876e-02
    8.85583954e+01 5.14420643e-02</_>
  <_>
    4.12425690e+01 1.03461792e+02 1.88868294e+01 6.08654320e-02
    1.01785450e+01 7.84593448e-02</_>
  <_>
    2.29083309e+01 4.31667252e+01 2.05294628e+01 1.27636448e-01
    1.96308167e+02 2.74190038e-01</_>
  <_>
    3.30974693e+01 7.21436386e+01 2.01284142e+01 1.20529428e-01
    2.33902603e+02 3.10616732e-01</_>
  <_>
    4.11852722e+01 2.40023861e+01 1.88206177e+01 5.49338795e-02
    2.64971771e+02 1.60732463e-01</_>
  <_>
    4.00022202e+01 4.05249939e+01 2.07609253e+01 1.31111547e-01
    3.50082550e+02 2.15326279e-01</_>
  <_>
    4.17662506e+01 6.94535675e+01 1.86329823e+01 3.49104293e-02
    9.98727951e+01 1.56178236e-01</_>
  <_>
    2.22816639e+01 1.00924797e+02 1.88618393e+01 7.21193701e-02
    3.49781494e+02 1.42857134e-01</_>
  <_>
    4.03859024e+01 4.39481087e+01 2.00892715e+01 1.02519549e-01
    2.77868439e+02 1.04257174e-01</_>
  <_>
    3.96342163e+01 8.72453384e+01 2.08461533e+01 1.27776757e-01
    2.73489929e+02 2.04699829e-01</_>
  <_>
    3.60256958e+01 7.33117981e+01 1.93339195e+01 1.05688207e-01
    1.34220383e+02 3.28651696e-01</_>
  <_>
    4.19826660e+01 4.71593933e+01 1.91551723e+01 5.92793487e-02
    8.97985229e+01 1.62340179e-01</_>
  <_>
    2.22125740e+01 2.68732395e+01 1.87348862e+01 6.01774827e-02
    2.18770279e+02 2.52911806e-01</_>
  <_>
    2.94607449e+01 1.01574272e+02 1.88184853e+01 7.57424086e-02
    3.80424614e+01 1.46479815e-01</_>
  <_>
    2.17557144e+01 2.32143002e+01 1.81122837e+01 3.67965363e-02
    6.33973274e+01 1.86147183e-01</_>
  <_>
    3.95083160e+01 2.53326054e+01 1.91395988e+01 7.40266368e-02
    2.01547241e+02 2.36168027e-01</_>
  <_>
    2.32912846e+01 4.97864456e+01 1.92687187e+01 8.99145305e-02
    1.46129608e+02 3.55213672e-01</_>
  <_>
    4.15089531e+01 2.67504025e+01 1.90726433e+01 7.03143179e-02
    1.16269569e+01 1.93480790e-01</_>
  <_>
    2.70115623e+01 7.44789352e+01 2.08085766e+01 1.46758556e-01
    2.93407928e+02 3.24655443e-01</_>
  <_>
    2.26807022e+01 7.95073547e+01 1.96629028e+01 7.97937661e-02
    1.08271027e+02 1.44610852e-01</_>
  <_>
    4.17309494e+01 4.95205917e+01 1.93621693e+01 6.84312433e-02
    1.83947449e+02 1.50419623e-01</_>
  <_>
    3.19440594e+01 5.26973305e+01 1.94286118e+01 1.05202310e-01
    3.65728683e+01 3.28323692e-01</_>
  <_>
    2.08683529e+01 1.04646866e+02 1.80369663e+01 1.57410689e-02
    9.68662033e+01 2.29925718e-02</_>
  <_>
    2.50925598e+01 4.47777786e+01 2.05348186e+01 1.45059168e-01
    2.38504166e+02 2.51307458e-01</_>
  <_>
    3.98829727e+01 9.96654358e+01 1.89567547e+01 6.28338829e-02
    1.11042358e+02 8.52200463e-02</_>
  <_>
    2.16446609e+01 1.01926064e+02 1.84598331e+01 4.88541909e-02
    2.53803909e+02 1.09544188e-01</_>
  <_>
    2.05821323e+01 8.19691238e+01 1.81591282e+01 1.60603095e-02
    8.61292953e+01 8.12848285e-02</_>
  <_>
    2.32677383e+01 8.40072403e+01 2.04847012e+01 1.19870409e-01
    1.81355698e+02 1.28869683e-01</_>
  <_>
    2.89411449e+01 2.34393406e+01 1.89683819e+01 6.27352595e-02
    1.54648117e+02 2.26599753e-01</_>
  <_>
    3.33274536e+01 7.04298401e+01 2.02577858e+01 1.29285529e-01
    3.22432373e+02 2.90238172e-01</_>
  <_>
    2.18148727e+01 4.84213562e+01 1.96602726e+01 8.35396051e-02
    3.52519867e+02 1.64603963e-01</_>
  <_>
    4.20022163e+01 6.80855713e+01 1.85285835e+01 3.15335765e-02
    7.77518082e+01 1.56079859e-01</_>
  <_>
    2.24772720e+01 4.52580376e+01 2.02819023e+01 1.16776749e-01
    2.91662415e+02 1.92073971e-01</_>
  <_>
    2.14719772e+01 6.75124435e+01 1.90487652e+01 7.80841783e-02
    2.07144302e+02 2.27866471e-01</_>
  <_>
    2.18100109e+01 9.87426453e+01 1.84027996e+01 6.79108351e-02
    3.08854248e+02 2.15137377e-01</_>
  <_>
    2.30953140e+01 2.45627041e+01 1.86263618e+01 6.01255335e-02
    1.18811630e+02 1.94582090e-01</_>
  <_>
    4.05522041e+01 2.46619549e+01 1.80837383e+01 4.16666679e-02
    4.98339539e+01 2.36245960e-01</_>
  <_>
    3.69736023e+01 7.91655121e+01 1.98199196e+01 1.18150681e-01
    3.13573723e+01 2.47146115e-01</_>
  <_>
    2.19043713e+01 7.04010696e+01 1.96225567e+01 9.50871557e-02
    1.09569702e+01 2.03909129e-01</_>
  <_>
    4.07276802e+01 2.57348347e+01 1.82871609e+01 5.14748432e-02
    2.37130768e+02 2.78773874e-01</_>
  <_>
    4.03635750e+01 2.43291779e+01 1.88540916e+01 5.88374846e-02
    2.92824219e+02 2.07591936e-01</_>
  <_>
    2.15199852e+01 1.03603470e+02 1.86819496e+01 4.95260209e-02
    2.75462036e+02 1.57670736e-01</_>
  <_>
    2.46839180e+01 1.00067223e+02 1.85041962e+01 6.49398044e-02
    1.33017105e+02 1.63079172e-01</_>
  <_>
    3.96775284e+01 8.25943069e+01 2.02759514e+01 1.20130628e-01
    3.50714966e+02 1.44390017e-01</_>
  <_>
    4.05541420e+01 1.00410820e+02 1.84082260e+01 5.28862774e-02
    2.95268402e+02 1.54510885e-01</_>
  <_>
    4.05893288e+01 2.08577690e+01 1.81515408e+01 3.27731110e-02
    3.50926636e+02 1.41736701e-01</_>
  <_>
    4.05833969e+01 1.01514992e+02 1.90807934e+01 6.82672262e-02
    1.81853806e+02 1.34864300e-01</_>
  <_>
    2.16289253e+01 1.03649788e+02 1.87054367e+01 5.43589741e-02
    1.71256653e+02 1.01538464e-01</_>
  <_>
    3.05496597e+01 5.09438972e+01 2.00228825e+01 1.09942138e-01
    1.14826920e+02 2.79326677e-01</_>
  <_>
    4.12673454e+01 6.05509987e+01 1.95218525e+01 8.76102671e-02
    3.48512665e+02 2.22935051e-01</_>
  <_>
    2.32947140e+01 2.48710899e+01 1.87738094e+01 6.23582788e-02
    3.10844574e+02 3.02154213e-01</_>
  <_>
    3.92525330e+01 7.17601013e+01 2.09447155e+01 1.41406551e-01
    2.60830719e+02 2.38059431e-01</_>
  <_>
    2.39865952e+01 4.12566528e+01 2.14037075e+01 1.54607624e-01
    2.65187866e+02 1.45788327e-01</_>
  <_>
