<?xml version="1.0"?>
<opencv_storage>
<centroids>
  <_>
    3.16936932e+01 6.00983849e+01 3.44517112e+00 9.84140438e+05
    1.80870300e+02 -9.99999940e-01</_>
  <_>
    3.16544876e+01 6.00879478e+01 3.98964858e+00 11993150.
    1.80975815e+02 -1.</_>
  <_>
    3.13014660e+01 5.90627708e+01 3.73478436e+00 6.68572950e+06
    1.80215561e+02 -1.</_>
  <_>
    3.17973022e+01 5.96494331e+01 4.06213999e+00 15400149.
    1.81031677e+02 -1.</_>
  <_>
    3.17113914e+01 5.87853737e+01 3.61986065e+00 4.81793950e+06
    1.80649185e+02 -1.</_>
  <_>
    3.15799789e+01 5.96095848e+01 3.88470244e+00 9732084. 1.82768387e+02
    -1.</_>
  <_>
    3.18050785e+01 6.02008247e+01 4.04383469e+00 13368352.
    1.80067703e+02 -1.</_>
  <_>
    3.14538307e+01 5.89038811e+01 3.53627396e+00 3081042. 1.78059311e+02
    -1.</_>
  <_>
    3.13560734e+01 5.93344154e+01 3.76816773e+00 8.12632350e+06
    1.81894180e+02 -1.</_>
  <_>
    3.17161713e+01 5.94473686e+01 3.96632004e+00 10681996.
    1.81178040e+02 -1.</_>
  <_>
    3.16415787e+01 5.85668488e+01 3.46146584e+00 1.90308363e+06
    1.80437256e+02 -1.</_>
  <_>
    3.16221504e+01 5.92762489e+01 3.65911651e+00 5472163. 1.80046234e+02
    -1.</_>
  <_>
    3.16406651e+01 6.06887817e+01 3.77329755e+00 8715090. 1.78685242e+02
    -9.99999940e-01</_>
  <_>
    3.15861053e+01 5.88499832e+01 3.48843098e+00 3.60525675e+06
    1.81634460e+02 -1.</_>
  <_>
    3.14723091e+01 6.02640877e+01 4.00474882e+00 16284041.
    1.81674866e+02 -1.</_>
  <_>
    3.16655941e+01 5.94867554e+01 3.91323876e+00 11534020.
    1.80128281e+02 -1.</_>
  <_>
    3.15371265e+01 5.91128426e+01 4.07820702e+00 14680645.
    1.81304153e+02 -1.</_>
  <_>
    3.16462193e+01 5.92363701e+01 3.81428814e+00 7405270. 1.80600937e+02
    -9.99999940e-01</_>
  <_>
    3.15141087e+01 5.90126076e+01 3.39601016e+00 1.14919273e+05
    1.80964462e+02 -1.</_>
  <_>
    3.15259819e+01 5.95608597e+01 3.71577358e+00 6095410. 1.81482513e+02
    -1.</_>
  <_>
    3.15153751e+01 5.93543358e+01 3.91938925e+00 10256149.
    1.79236877e+02 -1.</_>
  <_>
    3.15725727e+01 6.00237503e+01 3.97729397e+00 12648099.
    1.80495285e+02 -1.</_>
  <_>
    3.14923382e+01 5.70949783e+01 3.57049847e+00 4424832. 1.81361893e+02
    -1.</_>
  <_>
    3.14782505e+01 6.04360886e+01 3.97816944e+00 14220406.
    1.81200623e+02 -9.99999940e-01</_>
  <_>
    3.15437870e+01 5.92304649e+01 3.85276699e+00 9208329. 1.81296677e+02
    -1.</_>
  <_>
    3.15363483e+01 5.93250542e+01 3.73316979e+00 7732482. 1.81363892e+02
    -1.</_>
  <_>
    3.13817215e+01 5.95444984e+01 3.57950115e+00 2.68821475e+06
    1.79011993e+02 -1.</_>
  <_>
    3.16566448e+01 5.91033630e+01 3.59765935e+00 3.83468925e+06
    1.80875351e+02 -1.</_>
  <_>
    3.18408604e+01 5.84604874e+01 3.73138094e+00 6.48801150e+06
    1.79750839e+02 -1.</_>
  <_>
    3.13687420e+01 5.93142204e+01 3.44006658e+00 1215469. 1.80872910e+02
    -9.99999940e-01</_>
  <_>
    3.16123791e+01 5.85465202e+01 3.46570349e+00 2.29575775e+06
    1.79697647e+02 -1.</_>
  <_>
    3.16617661e+01 5.99644547e+01 4.02646065e+00 13762141.
    1.80992279e+02 -1.</_>
  <_>
    3.16925182e+01 5.89961853e+01 3.41422796e+00 5.26193188e+05
    1.83933746e+02 -1.</_>
  <_>
    3.16188812e+01 5.96536407e+01 3.98525691e+00 13009407.
    1.82302582e+02 -1.</_>
  <_>
    3.14089088e+01 6.01144753e+01 3.98852515e+00 16561829.
    1.81006592e+02 -9.99999940e-01</_>
  <_>
    3.16023960e+01 5.96734238e+01 3.81100798e+00 8323097. 1.80647934e+02
    -1.</_>
  <_>
    3.14391937e+01 6.09504318e+01 4.01883411e+00 15859594.
    1.81470352e+02 -1.</_>
  <_>
    3.14723282e+01 5.92579231e+01 3.65425611e+00 5243366. 1.81527725e+02
    -1.</_>
  <_>
    3.15458775e+01 5.91995201e+01 3.72016144e+00 5701276. 1.80658691e+02
    -1.</_>
  <_>
    3.13592014e+01 5.97861366e+01 3.97579098e+00 12419045.
    1.80437668e+02 -1.</_>
  <_>
    3.16571407e+01 5.95813866e+01 3.94956255e+00 10879755.
    1.80844742e+02 -1.</_>
  <_>
    3.19095631e+01 5.92983131e+01 3.93205285e+00 11304169.
    1.79419647e+02 -9.99999940e-01</_>
  <_>
    3.15672112e+01 6.00447006e+01 3.88067627e+00 10485967.
    1.80044128e+02 -1.</_>
  <_>
    3.16502743e+01 5.91161804e+01 3.83988285e+00 8945634. 1.80445740e+02
    -1.</_>
  <_>
    3.15608406e+01 5.89747429e+01 3.60289168e+00 3.44073425e+06
    1.81630569e+02 -1.</_>
  <_>
    3.13595695e+01 5.99971008e+01 3.58100820e+00 4.06353350e+06
    1.78645920e+02 -1.</_>
  <_>
    3.17426300e+01 5.96164169e+01 3.93205380e+00 11762532.
    1.80088562e+02 -1.</_>
  <_>
    3.15804272e+01 5.95484085e+01 3.72246766e+00 7.01187650e+06
    1.80091156e+02 -1.</_>
  <_>
    3.13590584e+01 5.98530617e+01 4.03026915e+00 15203761.
    1.80136063e+02 -9.99999940e-01</_>
  <_>
    3.18177242e+01 5.92598267e+01 3.41643047e+00 755451. 1.81186615e+02
    -1.</_>
  <_>
    3.15654678e+01 6.00122566e+01 3.68230510e+00 6.29062650e+06
    1.81787003e+02 -1.</_>
  <_>
    3.16761589e+01 5.95279884e+01 3.60269547e+00 4588569. 1.80535263e+02
    -1.</_>
  <_>
    3.16286125e+01 5.94980469e+01 3.47692704e+00 2.88431775e+06
    1.82220734e+02 -1.</_>
  <_>
    3.14963722e+01 5.97702866e+01 3.91784811e+00 9991723. 1.78798828e+02
    -1.</_>
  <_>
    3.17368374e+01 5.95001602e+01 3.51754451e+00 2098204. 1.80813660e+02
    -1.</_>
  <_>
    3.16484127e+01 5.96197205e+01 3.46445084e+00 1.47692063e+06
    1.81515976e+02 -1.</_>
  <_>
    3.15170345e+01 5.85579910e+01 3.78520131e+00 7929667. 1.78903870e+02
    -9.99999940e-01</_>
  <_>
    3.14814396e+01 6.00357285e+01 3.91848969e+00 11075399.
    1.79750397e+02 -1.</_>
  <_>
    3.16867886e+01 5.91819763e+01 3.89576960e+00 9469476. 1.79442413e+02
    -1.</_>
  <_>
    3.18869476e+01 5.88806953e+01 3.56617618e+00 5.04660750e+06
    1.81897552e+02 -1.</_>
  <_>
    3.17387428e+01 5.95327873e+01 4.01238966e+00 13991247.
    1.82973267e+02 -1.</_>
  <_>
    3.18891449e+01 6.01320076e+01 3.87730789e+00 8519160. 1.78650391e+02
    -9.99999940e-01</_>
  <_>
    3.14356098e+01 5.97874756e+01 4.02491617e+00 15628301.
    1.80350586e+02 -1.</_>
  <_>
    3.16827583e+01 6.00152969e+01 4.05467701e+00 13566132.
    1.79668457e+02 -1.</_>
  <_>
    3.17085896e+01 6.03605156e+01 4.11410379e+00 15040532.
    1.79605682e+02 -1.</_>
  <_>
    3.14548073e+01 5.88953934e+01 3.58356500e+00 4.25967850e+06
    1.80284180e+02 -9.99999940e-01</_>
  <_>
    3.18203278e+01 5.90191422e+01 4.04562473e+00 13172266.
    1.79750198e+02 -1.</_>
  <_>
    3.13603878e+01 5.93395271e+01 3.44528818e+00 1.70708763e+06
    1.81140945e+02 -1.</_>
  <_>
    3.14848690e+01 5.94102097e+01 3.82432032e+00 7569756. 1.79794998e+02
    -1.</_>
  <_>
    3.16938610e+01 5.91972504e+01 3.75978756e+00 7.20835250e+06
    1.81065872e+02 -9.99999940e-01</_>
  <_>
    3.14333630e+01 5.87212067e+01 3.48905754e+00 2.49130675e+06
    1.80170670e+02 -1.</_>
  <_>
    3.15743122e+01 5.91039085e+01 3.67380238e+00 5.89808550e+06
    1.80735001e+02 -1.</_>
  <_>
    3.16468487e+01 5.93649635e+01 3.53570724e+00 3277881. 1.81801224e+02
    -1.</_>
  <_>
    3.15690060e+01 5.96545906e+01 3.38545346e+00 3.29178656e+05
    1.82977539e+02 -9.99999940e-01</_>
  <_>
    3.17007809e+01 6.00059814e+01 3.71069551e+00 6.84908450e+06
    1.79800079e+02 -1.</_>
  <_>
    3.12427635e+01 5.95647888e+01 4.03291845e+00 16057237.
    1.80128326e+02 -1.</_>
  <_>
    3.15011959e+01 6.00319328e+01 4.02339649e+00 12845092.
    1.79454269e+02 -1.</_>
  <_>
    3.15566578e+01 5.94327011e+01 3.89353037e+00 12189382.
    1.79834091e+02 -1.</_>
  <_>
    3.15325775e+01 5.97266998e+01 4.09598970e+00 14875568.
    1.80541840e+02 -9.99999940e-01</_>
  <_>
    3.14551735e+01 6.01856651e+01 4.04930019e+00 14450572.
    1.78686035e+02 -1.</_></centroids>
</opencv_storage>
