<?xml version="1.0"?>
<opencv_storage>
<centroids>
  <_>
    3.14438553e+01 5.30250778e+01 4.08375072e+00 10943545.
    1.27440475e+02 -1.</_>
  <_>
    3.13378143e+01 5.25739555e+01 4.21090508e+00 2.75059475e+06
    1.23826889e+02 -1.</_>
  <_>
    3.17021923e+01 5.31539497e+01 4.07735348e+00 7.20791250e+06
    1.26861870e+02 -1.</_>
  <_>
    3.15044079e+01 5.38130188e+01 4.28112745e+00 13926325.
    1.25031715e+02 -1.</_>
  <_>
    3.15968342e+01 5.24413643e+01 4.22779751e+00 8814725. 1.25423546e+02
    -1.</_>
  <_>
    3.16934433e+01 5.25883141e+01 4.23534393e+00 4.61672625e+05
    1.23747658e+02 -1.</_>
  <_>
    3.17070217e+01 5.33937340e+01 4.14208698e+00 4028167. 1.30114273e+02
    -1.</_>
  <_>
    3.14577942e+01 5.33639984e+01 4.18799019e+00 15501552.
    1.29052277e+02 -9.99999940e-01</_>
  <_>
    3.15422688e+01 5.22860527e+01 4.17559481e+00 12747168.
    1.24306664e+02 -1.</_>
  <_>
    3.12801914e+01 5.19749451e+01 4.10516119e+00 11730563.
    1.23958420e+02 -1.</_>
  <_>
    3.16989250e+01 5.21125259e+01 4.15170002e+00 5473055. 1.24946259e+02
    -1.</_>
  <_>
    3.14312935e+01 5.37696571e+01 3.93322015e+00 1.80592113e+06
    1.26001274e+02 -1.</_>
  <_>
    3.14241829e+01 5.34340363e+01 4.25103045e+00 9929684. 1.22072655e+02
    -1.</_>
  <_>
    3.14535942e+01 5.18000908e+01 4.17186022e+00 6.29133350e+06
    1.28362244e+02 -1.</_>
  <_>
    3.13743324e+01 5.23392334e+01 4.21809006e+00 8.32300050e+06
    1.24934845e+02 -1.</_>
  <_>
    3.14514484e+01 5.33487740e+01 4.22521591e+00 15008283.
    1.26721603e+02 -1.</_>
  <_>
    3.12103806e+01 5.29213943e+01 4.26191616e+00 4.91446450e+06
    1.25235008e+02 -9.99999940e-01</_>
  <_>
    3.17763100e+01 5.44161797e+01 4.12315750e+00 3.60521275e+06
    1.25678368e+02 -1.</_>
  <_>
    3.15223351e+01 5.50023956e+01 4.29461861e+00 16561432.
    1.25688309e+02 -1.</_>
  <_>
    3.13934593e+01 5.21900940e+01 4.21426964e+00 7.76815150e+06
    1.25106415e+02 -1.</_>
  <_>
    3.16669807e+01 5.43195000e+01 4.24964714e+00 13335896.
    1.23425537e+02 -1.</_>
  <_>
    3.16729298e+01 5.32712593e+01 4.18342638e+00 1.28253788e+06
    1.23550758e+02 -1.</_>
  <_>
    3.11541195e+01 5.18584900e+01 4.08976698e+00 10453876.
    1.25513680e+02 -1.</_>
  <_>
    3.17054138e+01 5.30247116e+01 4.17311382e+00 4295570. 1.28608459e+02
    -1.</_>
  <_>
    3.17760239e+01 5.19852829e+01 4.13329601e+00 9240083. 1.23741547e+02
    -1.</_>
  <_>
    3.15213566e+01 5.35315323e+01 4.20849037e+00 11535091.
    1.24716324e+02 -1.</_>
  <_>
    3.19399471e+01 5.27698250e+01 4.08363962e+00 6651522. 1.25140434e+02
    -1.</_>
  <_>
    3.14942894e+01 5.33293114e+01 4.19950628e+00 5900168. 1.23925529e+02
    -1.</_>
  <_>
    3.16978607e+01 5.17055511e+01 4.09854364e+00 7405483. 1.23498878e+02
    -1.</_>
  <_>
    3.14988403e+01 5.44612198e+01 4.32724094e+00 14450355.
    1.24206688e+02 -1.</_>
  <_>
    3.16086998e+01 5.27288589e+01 4.18288422e+00 3.21387450e+06
    1.26897163e+02 -1.</_>
  <_>
    3.16476250e+01 5.36838493e+01 4.12320805e+00 12123159.
    1.28723511e+02 -1.</_>
  <_>
    3.17085323e+01 5.13200035e+01 4.24964476e+00 9535769. 1.26984856e+02
    -1.</_>
  <_>
    3.14545822e+01 5.36645012e+01 4.12368441e+00 2.06488575e+06
    1.25570618e+02 -1.</_>
  <_>
    3.19201622e+01 5.20094719e+01 4.07163048e+00 2326025. 1.28757538e+02
    -1.</_>
  <_>
    3.18083305e+01 5.27371368e+01 4.35652828e+00 16022098.
    1.25994682e+02 -1.</_>
  <_>
    3.17610588e+01 5.42369461e+01 4.22443485e+00 13042088.
    1.25941986e+02 -1.</_>
  <_>
    3.19865608e+01 5.43807373e+01 4.26120615e+00 11140800.
    1.24219292e+02 -1.</_>
  <_>
    3.13297958e+01 5.33037491e+01 4.17370129e+00 1.01938238e+06
    1.28710373e+02 -1.</_>
  <_>
    3.15710144e+01 5.28857880e+01 4.11328220e+00 1.47672875e+05
    1.27025208e+02 -1.</_>
  <_>
    3.13771019e+01 5.40625076e+01 4.16180944e+00 12517703.
    1.26296555e+02 -1.</_>
  <_>
    3.18955116e+01 5.30142746e+01 4.13713551e+00 6488599. 1.27247696e+02
    -1.</_>
  <_>
    3.16680183e+01 5.21675911e+01 4.26691294e+00 8552969. 1.24258247e+02
    -1.</_>
  <_>
    3.16967106e+01 5.38283997e+01 4.26307297e+00 5.70224650e+06
    1.23457001e+02 -1.</_>
  <_>
    3.15864353e+01 5.35200043e+01 3.99090362e+00 9798403. 1.26229218e+02
    -1.</_>
  <_>
    3.15209084e+01 5.27282104e+01 4.17120028e+00 11337288.
    1.24783676e+02 -1.</_>
  <_>
    3.14778557e+01 5.35283432e+01 4.15576649e+00 3.80138350e+06
    1.26839073e+02 -1.</_>
  <_>
    3.16257172e+01 5.30226173e+01 4.10472155e+00 5.24567050e+06
    1.26310028e+02 -9.99999940e-01</_>
  <_>
    3.13893185e+01 5.34642868e+01 4.17585468e+00 6095069. 1.22787170e+02
    -9.99999940e-01</_>
  <_>
    3.14528408e+01 5.36211586e+01 4.21289587e+00 1.54156613e+06
    1.26417839e+02 -1.</_>
  <_>
    3.16854668e+01 5.30225143e+01 4.27428102e+00 14285302.
    1.25972549e+02 -9.99999940e-01</_>
  <_>
    3.17676888e+01 5.14832153e+01 4.30392599e+00 13566092.
    1.24073372e+02 -1.</_>
  <_>
    3.16980534e+01 5.54092102e+01 4.32891083e+00 16281077.
    1.26042641e+02 -1.</_>
  <_>
    3.12989788e+01 5.22158203e+01 4.18360233e+00 7013287. 1.23378403e+02
    -1.</_>
  <_>
    3.18072357e+01 5.31182632e+01 4.20057535e+00 10614847.
    1.27189560e+02 -1.</_>
  <_>
    3.13988895e+01 5.33175278e+01 4.16351175e+00 10291343.
    1.25364731e+02 -1.</_>
  <_>
    3.14852180e+01 5.23266563e+01 4.28554296e+00 4.71812550e+06
    1.23774857e+02 -1.</_>
  <_>
    3.14966640e+01 5.26589127e+01 4.34482861e+00 15237589.
    1.23957901e+02 -1.</_>
  <_>
    3.15740910e+01 5.17131081e+01 4.24988556e+00 14810852.
    1.25865265e+02 -9.99999940e-01</_>
  <_>
    3.15156937e+01 5.37810860e+01 4.18797588e+00 9404238. 1.26113457e+02
    -1.</_>
  <_>
    3.17061195e+01 5.24901352e+01 4.11715126e+00 8126090. 1.25559418e+02
    -9.99999940e-01</_>
  <_>
    3.16823292e+01 5.20859299e+01 4.30816460e+00 13761076.
    1.25702713e+02 -9.99999940e-01</_>
  <_>
    3.16279831e+01 5.23670273e+01 4.07849026e+00 4.52162050e+06
    1.25980125e+02 -1.</_>
  <_>
    3.16312981e+01 5.21040421e+01 3.97891307e+00 2.98481550e+06
    1.28080444e+02 -1.</_>
  <_>
    3.18069096e+01 5.30183601e+01 4.17482615e+00 7.92961150e+06
    1.21644714e+02 -1.</_>
  <_>
    3.17067280e+01 5.21518402e+01 4.21634674e+00 10779814.
    1.23760735e+02 -1.</_>
  <_>
    3.13315907e+01 5.18122749e+01 4.01825523e+00 3411625. 1.26430244e+02
    -1.</_>
  <_>
    3.14454384e+01 5.53546448e+01 4.34797287e+00 15758671.
    1.28319382e+02 -1.</_>
  <_>
    3.13380337e+01 5.44709625e+01 4.07816648e+00 6815599. 1.25368141e+02
    -1.</_>
  <_>
    3.17096043e+01 5.24080391e+01 4.11729860e+00 2559233. 1.27239845e+02
    -1.</_>
  <_>
    3.16659851e+01 5.24764977e+01 4.15311003e+00 9045935. 1.25724777e+02
    -1.</_>
  <_>
    3.13485165e+01 5.28306580e+01 4.21630621e+00 5079714. 1.25565811e+02
    -1.</_>
  <_>
    3.15618973e+01 5.26634674e+01 4.04692650e+00 7601793. 1.27053474e+02
    -1.</_>
  <_>
    3.16410980e+01 5.40947456e+01 4.23967552e+00 12318752.
    1.27329697e+02 -1.</_>
  <_>
    3.17800064e+01 5.27460403e+01 4.19999695e+00 14614723.
    1.27758156e+02 -1.</_>
  <_>
    3.16686172e+01 5.07034531e+01 4.16652107e+00 14090270.
    1.23157936e+02 -1.</_>
  <_>
    3.17044353e+01 5.30770226e+01 4.25569105e+00 9666215. 1.24914368e+02
    -1.</_>
  <_>
    3.15035534e+01 5.17105217e+01 4.09968615e+00 7.53733813e+05
    1.24357689e+02 -1.</_>
  <_>
    3.15357761e+01 5.34348907e+01 4.23420954e+00 11928506.
    1.23677963e+02 -1.</_>
  <_>
    3.16961479e+01 5.24900742e+01 4.16709614e+00 10093205.
    1.25277420e+02 -1.</_></centroids>
</opencv_storage>
