<?xml version="1.0"?>
<opencv_storage>
<centroids>
  <_>
    4.04264336e+01 5.15051918e+01 1.88944206e+01 8.10919330e-02
    5.08289909e+01 3.03091139e-01</_>
  <_>
    3.91528168e+01 2.74489059e+01 1.94205112e+01 8.22376311e-02
    3.29194702e+02 2.29261309e-01</_>
  <_>
    2.12575531e+01 1.03026169e+02 1.87329006e+01 5.74430041e-02
    1.69249420e+02 9.16405916e-02</_>
  <_>
    2.31310062e+01 4.83504944e+01 1.97266788e+01 9.95180011e-02
    7.28680954e+01 2.09526509e-01</_>
  <_>
    2.09524269e+01 8.04254684e+01 1.92824459e+01 6.58464730e-02
    2.70320618e+02 2.16426954e-01</_>
  <_>
    4.13463669e+01 2.41532154e+01 1.88310776e+01 5.50442152e-02
    1.75031387e+02 1.09907955e-01</_>
  <_>
    2.05149956e+01 8.47829895e+01 1.79004230e+01 8.60555004e-03
    8.56166687e+01 6.88444003e-02</_>
  <_>
    3.84931908e+01 4.74455223e+01 2.08183575e+01 1.45071447e-01
    2.47869827e+02 1.43133923e-01</_>
  <_>
    2.24428349e+01 9.91591110e+01 1.91688347e+01 8.39071646e-02
    3.50664978e+02 1.41545519e-01</_>
  <_>
    4.00307617e+01 2.41542377e+01 1.90116711e+01 6.39066398e-02
    7.01185150e+01 1.35871083e-01</_>
  <_>
    4.17086487e+01 4.49814377e+01 1.92448540e+01 6.89586252e-02
    2.72151581e+02 8.69478285e-02</_>
  <_>
    4.03939857e+01 2.57012615e+01 1.83475113e+01 5.76986484e-02
    2.28971252e+02 3.12232107e-01</_>
  <_>
    2.17245464e+01 2.66871796e+01 1.87583542e+01 6.08591922e-02
    2.14142105e+02 2.46420056e-01</_>
  <_>
    3.41801910e+01 1.01104721e+02 1.86211643e+01 6.83929026e-02
    2.98939178e+02 1.57894731e-01</_>
  <_>
    2.29410324e+01 4.12052879e+01 2.02450485e+01 1.14002764e-01
    8.42885876e+00 8.88991207e-02</_>
  <_>
    2.42745914e+01 8.56774979e+01 2.07780132e+01 1.39936268e-01
    1.15188026e+01 1.36484325e-01</_>
  <_>
    4.07753868e+01 6.47233963e+01 2.01661263e+01 1.06011480e-01
    1.92705536e+02 1.54402599e-01</_>
  <_>
    3.88880539e+01 2.30975056e+01 1.90734863e+01 6.38820678e-02
    2.78828125e+02 1.71766818e-01</_>
  <_>
    4.11782112e+01 1.05338921e+02 1.87306843e+01 2.92906892e-02
    8.78415833e+01 3.03989872e-02</_>
  <_>
    2.25517139e+01 7.82916794e+01 1.94039688e+01 7.01630041e-02
    1.06943008e+02 1.40562251e-01</_>
  <_>
    2.30110569e+01 4.45108871e+01 2.08616982e+01 1.27347410e-01
    9.63673248e+01 1.67449132e-01</_>
  <_>
    4.21365967e+01 4.72705116e+01 1.89364834e+01 5.69105707e-02
    1.80009399e+02 1.34823844e-01</_>
  <_>
    3.77806473e+01 4.79406776e+01 2.04369431e+01 1.28567040e-01
    3.12917358e+02 2.83829391e-01</_>
  <_>
    3.53719025e+01 7.29730225e+01 1.99309711e+01 1.10262677e-01
    2.31314301e+02 3.39645714e-01</_>
  <_>
    4.02149429e+01 6.38705101e+01 1.99442310e+01 9.67094079e-02
    2.65281952e+02 1.36721775e-01</_>
  <_>
    4.18258438e+01 2.62159138e+01 1.81680641e+01 4.62829024e-02
    1.19499008e+02 2.28232577e-01</_>
  <_>
    4.03496399e+01 7.89527817e+01 1.98658123e+01 1.03737921e-01
    3.51026825e+02 1.49936989e-01</_>
  <_>
    4.11448250e+01 4.42132530e+01 2.00384178e+01 9.90871042e-02
    8.81732407e+01 1.54431343e-01</_>
  <_>
    2.31754761e+01 4.45988083e+01 2.03575478e+01 1.16383523e-01
    3.52870483e+02 1.82581529e-01</_>
  <_>
    3.80366669e+01 7.67771378e+01 1.91354866e+01 9.84639600e-02
    1.28943207e+02 3.09176832e-01</_>
  <_>
    4.08610191e+01 2.57049961e+01 1.91381931e+01 6.65683597e-02
    3.51910583e+02 1.50200129e-01</_>
  <_>
    2.36986465e+01 1.00198059e+02 1.84954853e+01 6.36042431e-02
    1.29322327e+02 1.53513938e-01</_>
  <_>
    4.15582352e+01 1.03141518e+02 1.87526989e+01 5.23228534e-02
    3.50486053e+02 1.49694979e-01</_>
  <_>
    4.14959373e+01 1.04364151e+02 1.85054531e+01 3.94805185e-02
    2.71489044e+02 1.50129870e-01</_>
  <_>
    2.18062687e+01 2.79108543e+01 1.89786148e+01 6.43985420e-02
    2.43897141e+02 2.12150663e-01</_>
  <_>
    2.74775486e+01 5.14110069e+01 1.95330200e+01 9.95010287e-02
    1.27442238e+02 3.23745221e-01</_>
  <_>
    2.17871666e+01 2.14397011e+01 1.81758556e+01 3.26868594e-02
    1.83142166e+02 1.37066901e-01</_>
  <_>
    2.13143997e+01 2.24687443e+01 1.83006954e+01 3.85444090e-02
    3.48099335e+02 1.62556857e-01</_>
  <_>
    2.31410160e+01 4.56743050e+01 2.04065075e+01 1.23427331e-01
    1.95777481e+02 2.65509754e-01</_>
  <_>
    4.03373375e+01 2.39319763e+01 1.86757126e+01 5.38839735e-02
    2.58213501e+02 1.71288103e-01</_>
  <_>
    4.15345383e+01 5.06808014e+01 1.90927277e+01 7.44941086e-02
    1.12181692e+01 2.61730045e-01</_>
  <_>
    2.29519348e+01 7.57234039e+01 1.98940277e+01 1.17153749e-01
    1.54641846e+02 2.35578150e-01</_>
  <_>
    4.17117729e+01 5.19233208e+01 1.95307350e+01 8.07083324e-02
    3.49323578e+02 2.17435732e-01</_>
  <_>
    3.99387398e+01 1.02534462e+02 1.90362072e+01 6.59706816e-02
    1.77727463e+02 1.22167930e-01</_>
  <_>
    2.15922050e+01 1.03212265e+02 1.85251751e+01 4.86041866e-02
    1.92210587e+02 1.56530410e-01</_>
  <_>
    2.26834545e+01 6.49002838e+01 2.04623737e+01 1.01070523e-01
    8.90117340e+01 1.60264477e-01</_>
  <_>
    3.13258781e+01 8.67437592e+01 2.95807457e+01 4.88851845e-01
    9.02495880e+01 5.73036037e-02</_>
  <_>
    4.11796150e+01 9.72642136e+01 1.92368908e+01 6.97364882e-02
    6.73537445e+01 1.04072392e-01</_>
  <_>
    4.06174660e+01 2.49149494e+01 1.84453850e+01 4.72012088e-02
    1.46310944e+02 2.67776102e-01</_>
  <_>
    2.20915089e+01 1.04421295e+02 1.88002357e+01 4.74056602e-02
    7.44236145e+01 6.13207556e-02</_>
  <_>
    3.72242088e+01 7.75518723e+01 1.99243469e+01 1.23086162e-01
    3.18609009e+01 2.53077149e-01</_>
  <_>
    2.18785172e+01 2.66829910e+01 1.85345955e+01 5.18167429e-02
    1.53605576e+02 2.66350687e-01</_>
  <_>
    2.05552750e+01 2.27088451e+01 1.82791653e+01 3.74347083e-02
    1.29932528e+01 2.08937898e-01</_>
  <_>
    4.13497887e+01 7.63319626e+01 1.94575500e+01 8.28616694e-02
    1.71990463e+02 1.70477703e-01</_>
  <_>
    2.18199291e+01 6.37416306e+01 1.94825859e+01 8.54326412e-02
    2.50972626e+02 1.74589276e-01</_>
  <_>
    2.22597160e+01 6.15281525e+01 1.99760418e+01 1.00654945e-01
    1.77609146e+02 2.03722849e-01</_>
  <_>
    4.11142349e+01 6.68622971e+01 1.98497677e+01 8.09394419e-02
    7.93945007e+01 1.76242232e-01</_>
  <_>
    4.00704727e+01 9.30838928e+01 1.97632771e+01 1.07948631e-01
    1.99404160e+02 2.09996536e-01</_>
  <_>
    4.15406303e+01 1.03039703e+02 1.78565998e+01 4.04892452e-02
    2.47318924e+02 1.61535218e-01</_>
  <_>
    3.03469810e+01 1.00940948e+02 1.88808823e+01 8.08179155e-02
    3.90908241e+01 1.57416418e-01</_>
  <_>
    3.68851242e+01 6.97977905e+01 2.00951443e+01 1.27701372e-01
    3.26926880e+02 2.64664590e-01</_>
  <_>
    2.15061550e+01 1.04309807e+02 1.86492672e+01 3.23827937e-02
    9.59496078e+01 1.82052534e-02</_>
  <_>
    3.31045990e+01 2.49964199e+01 1.90170517e+01 7.28822872e-02
    3.42242165e+01 2.42024198e-01</_>
  <_>
    2.22647324e+01 6.04641762e+01 1.96813984e+01 8.79067481e-02
    2.75043396e+02 1.15428202e-01</_>
  <_>
    4.16644554e+01 1.01663467e+02 1.91488400e+01 6.86274469e-02
    9.95130157e+00 7.84313679e-02</_>
  <_>
    2.07577209e+01 2.20950546e+01 1.81912899e+01 3.08024324e-02
    2.70180176e+02 1.68138117e-01</_>
  <_>
    2.37771511e+01 8.39147644e+01 2.08537788e+01 1.35068148e-01
    1.79872543e+02 1.28695339e-01</_>
  <_>
    2.20927372e+01 2.40476151e+01 1.83867378e+01 4.68046777e-02
    3.09379944e+02 2.91329116e-01</_>
  <_>
    2.36623077e+01 4.07134933e+01 2.07028847e+01 1.34807691e-01
    1.75235870e+02 2.05384612e-01</_>
  <_>
    4.26746407e+01 8.37489243e+01 1.79669151e+01 5.40798437e-03
    9.06869125e+01 6.95085078e-02</_>
  <_>
    2.15913258e+01 1.03794998e+02 1.86109257e+01 4.76097539e-02
    2.75302399e+02 1.51999995e-01</_>
  <_>
