<?xml version="1.0"?>
<opencv_storage>
<centroids>
  <_>
    3.35077972e+01 2.79358101e+01 1.86355438e+01 6.06270991e-02
    1.22012306e+02 2.50491738e-01</_>
  <_>
    4.15477180e+01 8.23404312e+01 1.97740402e+01 9.02388394e-02
    2.69504272e+02 2.12461069e-01</_>
  <_>
    2.13017006e+01 9.90820847e+01 1.94133263e+01 6.57308847e-02
    9.01498337e+01 3.34314369e-02</_>
  <_>
    3.34755630e+01 7.69982986e+01 2.01578484e+01 1.15755625e-01
    1.42388191e+01 1.94192737e-01</_>
  <_>
    2.99894543e+01 6.09783020e+01 1.99410553e+01 1.14057198e-01
    2.07768341e+02 2.60436088e-01</_>
  <_>
    3.18656406e+01 4.93103523e+01 2.00308323e+01 1.05156876e-01
    3.48547058e+02 2.03168690e-01</_>
  <_>
    3.36342621e+01 2.78716431e+01 1.88607464e+01 6.23384677e-02
    1.58879440e+02 1.98594034e-01</_>
  <_>
    3.26420135e+01 7.47568283e+01 1.97849884e+01 9.99808237e-02
    3.47131195e+02 1.83282211e-01</_>
  <_>
    2.91236687e+01 2.49972725e+01 1.83713531e+01 4.93416972e-02
    5.75426521e+01 2.12009341e-01</_>
  <_>
    3.27168236e+01 4.89598007e+01 1.98375587e+01 9.51300189e-02
    1.79798828e+02 1.72816291e-01</_>
  <_>
    3.18697052e+01 9.69460297e+01 1.92006245e+01 8.06409568e-02
    5.81865158e+01 1.76915050e-01</_>
  <_>
    3.15739746e+01 2.47084293e+01 1.89615955e+01 6.16648495e-02
    3.49561493e+02 1.58071861e-01</_>
  <_>
    4.11395226e+01 5.51261177e+01 1.97390709e+01 8.80786180e-02
    2.72165710e+02 9.49669331e-02</_>
  <_>
    3.15791702e+01 2.59276180e+01 1.92547989e+01 7.21818283e-02
    2.59779236e+02 1.78358555e-01</_>
  <_>
    3.03354053e+01 9.53312378e+01 1.89831314e+01 8.06624740e-02
    2.34376129e+02 2.03496397e-01</_>
  <_>
    2.24034863e+01 7.66561813e+01 2.02263775e+01 1.06688038e-01
    2.70406830e+02 2.14890018e-01</_>
  <_>
    3.01813507e+01 2.56723785e+01 1.89820385e+01 6.69148415e-02
    1.52031136e+01 1.80642158e-01</_>
  <_>
    3.08254375e+01 9.86075134e+01 1.93176346e+01 8.32266361e-02
    1.63788162e+02 1.30053043e-01</_>
  <_>
    3.15734634e+01 4.97412872e+01 2.02750664e+01 1.06645845e-01
    8.75744934e+01 1.78467169e-01</_>
  <_>
    2.18795490e+01 4.96071587e+01 1.99848614e+01 1.00690916e-01
    2.73869080e+02 8.92095119e-02</_>
  <_>
    3.22930031e+01 5.95805931e+01 1.91623764e+01 9.14053991e-02
    5.06701851e+01 2.98393399e-01</_>
  <_>
    3.15308418e+01 2.42899036e+01 1.93562412e+01 7.32453912e-02
    9.06623459e+01 8.33029598e-02</_>
  <_>
    2.95846672e+01 7.49691544e+01 2.01681290e+01 1.10406958e-01
    1.79750244e+02 1.59654871e-01</_>
  <_>
    3.07114868e+01 2.56610546e+01 1.90640163e+01 6.62378445e-02
    1.87478973e+02 1.69921115e-01</_>
  <_>
    4.15569115e+01 9.99530869e+01 1.92228699e+01 5.89194261e-02
    8.99961777e+01 2.04937123e-02</_>
  <_>
    3.25885811e+01 1.01425301e+02 1.92468491e+01 7.86471888e-02
    1.29125900e+01 9.14548784e-02</_>
  <_>
    3.09057465e+01 5.79968300e+01 2.03628349e+01 1.26164526e-01
    2.46369186e+02 1.90089196e-01</_>
  <_>
    2.87455292e+01 9.99858551e+01 1.90564041e+01 7.11540133e-02
    1.90717575e+02 1.47045672e-01</_>
  <_>
    3.03081303e+01 6.29928169e+01 1.93639774e+01 9.68282670e-02
    1.50181122e+02 2.88292944e-01</_>
  <_>
    3.22139778e+01 3.06591721e+01 1.93417168e+01 8.33243430e-02
    3.20683319e+02 2.91311383e-01</_>
  <_>
    2.97330456e+01 6.62390823e+01 2.00621834e+01 1.05581351e-01
    1.08240166e+02 1.99827269e-01</_>
  <_>
    3.07718258e+01 5.00573235e+01 1.94063454e+01 8.72993767e-02
    1.08040247e+01 2.04935521e-01</_>
  <_>
    3.26252708e+01 9.72867355e+01 1.89557171e+01 8.32815394e-02
    3.03433990e+02 1.94841519e-01</_>
  <_>
    3.12884026e+01 9.66636581e+01 1.90511532e+01 8.13870206e-02
    1.22824364e+02 1.69508532e-01</_>
  <_>
    3.22675705e+01 6.16029701e+01 1.99380722e+01 1.15662649e-01
    3.08577179e+02 2.88192779e-01</_>
  <_>
    3.25260315e+01 7.49857330e+01 2.09695492e+01 1.21466555e-01
    8.57761841e+01 1.28799334e-01</_>
  <_>
    3.38640137e+01 1.01095062e+02 1.89945488e+01 7.17819333e-02
    3.47705994e+02 1.54568404e-01</_>
  <_>
    3.03951836e+01 1.04435654e+02 1.87927856e+01 5.51255830e-02
    2.68802948e+02 1.41355142e-01</_>
  <_>
    3.25979996e+01 2.69320812e+01 1.91334057e+01 7.22847432e-02
    2.88641876e+02 2.15115741e-01</_>
  <_>
    3.08902340e+01 2.96416664e+01 1.90749321e+01 7.79710710e-02
    2.23066803e+02 3.05805892e-01</_></centroids>
</opencv_storage>
