<?xml version="1.0"?>
<opencv_storage>
<centroids>
  <_>
    3.35269508e+01 9.67586136e+01 1.92286015e+01 8.10090974e-02
    3.47370514e+02 1.50847077e-01</_>
  <_>
    2.93008976e+01 2.50173798e+01 1.84173279e+01 4.98523712e-02
    5.81330490e+01 2.07131490e-01</_>
  <_>
    3.13557873e+01 4.88059006e+01 1.99972744e+01 1.01239540e-01
    1.86152588e+02 1.92030638e-01</_>
  <_>
    3.19417915e+01 9.63375549e+01 1.92423897e+01 8.33333358e-02
    5.76332703e+01 1.75747871e-01</_>
  <_>
    3.22514343e+01 2.97874012e+01 1.91954060e+01 7.81818181e-02
    3.13082764e+02 2.94928223e-01</_>
  <_>
    3.13011990e+01 7.76148071e+01 2.02154408e+01 1.08338952e-01
    2.65910706e+02 2.16340750e-01</_>
  <_>
    3.11729832e+01 2.71700058e+01 1.91100750e+01 7.00117573e-02
    2.50653870e+02 1.95452765e-01</_>
  <_>
    3.04061146e+01 5.86229935e+01 1.94950371e+01 8.95733982e-02
    1.16207397e+02 2.66658068e-01</_>
  <_>
    3.22773399e+01 6.14924431e+01 1.97600594e+01 1.01984344e-01
    1.12934866e+01 2.11953506e-01</_>
  <_>
    3.15780220e+01 2.95723267e+01 1.93225994e+01 7.61203617e-02
    3.47756134e+02 1.84763134e-01</_>
  <_>
    2.88320026e+01 1.01750610e+02 1.90435085e+01 6.89187199e-02
    1.83588058e+02 1.36932597e-01</_>
  <_>
    3.16008682e+01 5.05268173e+01 2.02963753e+01 1.08568422e-01
    8.67212372e+01 1.82350233e-01</_>
  <_>
    3.29126625e+01 9.61399307e+01 1.95433846e+01 8.91448483e-02
    1.33443241e+01 1.11483417e-01</_>
  <_>
    3.14552498e+01 2.69796047e+01 1.91588058e+01 7.00607225e-02
    2.78242859e+02 1.90098092e-01</_>
  <_>
    2.99700775e+01 2.96481571e+01 1.90686054e+01 7.07342997e-02
    1.39742746e+01 1.84959203e-01</_>
  <_>
    3.23317757e+01 6.33215942e+01 1.97385864e+01 1.10686049e-01
    3.21568665e+02 2.68553942e-01</_>
  <_>
    3.12984524e+01 9.55574570e+01 1.92333336e+01 8.25278834e-02
    1.17011452e+02 1.34076834e-01</_>
  <_>
    3.02504406e+01 7.52622452e+01 2.00636368e+01 1.07475333e-01
    1.84683594e+02 1.64512992e-01</_>
  <_>
    3.39554176e+01 2.57027493e+01 1.84573460e+01 5.27433641e-02
    1.33385696e+02 2.68436581e-01</_>
  <_>
    3.02475643e+01 9.63177261e+01 1.89317493e+01 7.75279105e-02
    2.27379059e+02 2.14656383e-01</_>
  <_>
    3.12140141e+01 5.87506790e+01 2.02011757e+01 1.13254316e-01
    2.85614258e+02 1.73135012e-01</_>
  <_>
    3.12499161e+01 5.44189758e+01 1.94215488e+01 9.19563100e-02
    1.59296265e+02 2.54021853e-01</_>
  <_>
    3.17394886e+01 2.46440487e+01 1.93056450e+01 7.27070123e-02
    9.35773239e+01 9.78823826e-02</_>
  <_>
    3.13892708e+01 1.02846191e+02 1.87630215e+01 5.28519750e-02
    2.67310242e+02 1.41932607e-01</_>
  <_>
    3.23815842e+01 2.51847363e+01 1.89626713e+01 6.22612461e-02
    1.75603348e+02 1.40004024e-01</_>
  <_>
    3.05338612e+01 6.03175888e+01 1.96415176e+01 1.09145612e-01
    2.25283813e+02 2.91456074e-01</_>
  <_>
    3.25423737e+01 9.62268600e+01 1.89887257e+01 8.03228244e-02
    2.98187012e+02 2.01895967e-01</_>
  <_>
    3.23634567e+01 6.02695541e+01 1.99191742e+01 9.96080786e-02
    3.50446167e+02 1.84944168e-01</_>
  <_>
    3.23309402e+01 6.12919693e+01 1.91978207e+01 9.42007601e-02
    4.89193153e+01 2.91139245e-01</_>
  <_>
    3.07827950e+01 9.22894669e+01 1.95512123e+01 9.90176052e-02
    1.56312210e+02 1.61365628e-01</_>
  <_>
    3.17855644e+01 7.46545563e+01 2.09346218e+01 1.21416859e-01
    8.87473297e+01 1.24546669e-01</_>
  <_>
    4.17090416e+01 9.98925476e+01 1.92218113e+01 5.76197729e-02
    8.84330597e+01 2.33528595e-02</_>
  <_>
    3.07766571e+01 2.90869026e+01 1.92183437e+01 7.98430666e-02
    2.11658707e+02 2.74742544e-01</_>
  <_>
    3.20002480e+01 5.27980042e+01 2.01907272e+01 1.07775167e-01
    2.61836761e+02 8.36944431e-02</_>
  <_>
    2.13111668e+01 9.95812225e+01 1.93889637e+01 6.42367974e-02
    8.88595505e+01 3.26694474e-02</_></centroids>
</opencv_storage>
