<?xml version="1.0"?>
<opencv_storage>
<centroids>
  <_>
    1.40342466e-03 1.00872458e-04 3.33867408e-03 2.82824971e-03
    3.07760853e-02 5.35344891e-03 3.79069634e-02 2.53724027e-02
    2.13031527e-02 2.16275007e-02 3.05307545e-02 2.94145420e-02
    3.46887275e-04 2.23043771e-03 2.50569871e-03 3.18958936e-03
    3.69466376e-03 7.53707811e-03 2.10232604e-02 2.15215255e-02
    2.69840956e-01 4.83475439e-02 3.42604667e-01 1.88495442e-01
    1.73447356e-01 7.81853218e-03 2.15993032e-01 1.26608610e-01
    -1.19151571e-03 6.13133982e-03 1.02275265e-02 1.08536556e-02
    2.25702068e-03 1.28976954e-02 2.21409686e-02 2.38501318e-02
    2.10614741e-01 2.75966469e-02 3.06524783e-01 1.94556490e-01
    1.83565140e-01 1.90841332e-02 2.15345800e-01 1.22598998e-01
    1.43376086e-03 1.57912995e-03 7.16390647e-03 6.95609162e-03
    8.13963707e-04 1.87261391e-03 2.92311888e-03 3.07865138e-03
    1.88261699e-02 1.08969249e-02 3.03555001e-02 2.34237425e-02
    2.15209201e-02 -1.07500667e-03 2.75083017e-02 1.99086405e-02
    6.45142572e-04 -3.39594517e-05 1.33365474e-03 1.37522013e-03
    3.81377983e+01 2.46159496e+01 1.98831959e+01 7.88934380e-02
    4.13730850e+01 -2.47950807e-01</_>
  <_>
    -1.98703536e-04 -6.70384616e-04 3.53516848e-03 3.51045374e-03
    6.02997420e-03 -5.14279213e-03 2.36007925e-02 2.06421036e-02
    1.22051581e-03 2.25573219e-03 1.70542579e-02 1.36744194e-02
    -2.19006208e-04 1.92301857e-04 2.32693134e-03 2.23846291e-03
    -1.42090004e-02 -9.28196684e-03 3.78158875e-02 3.56038250e-02
    1.06254786e-01 -3.84880528e-02 3.69717449e-01 3.01759630e-01
    6.63501844e-02 -1.62753910e-02 1.45393878e-01 1.00154489e-01
    -5.26635582e-03 8.90675932e-04 1.34486333e-02 1.22806542e-02
    -1.75506007e-02 1.47546362e-03 3.62937227e-02 3.13784145e-02
    1.16223276e-01 -3.24809016e-03 3.68091106e-01 2.99501002e-01
    8.23752731e-02 -2.00051552e-04 1.68916136e-01 1.20324239e-01
    -8.82279780e-03 -4.75950027e-03 1.56355444e-02 1.46078011e-02
    -2.03753079e-04 2.15550273e-04 3.28473328e-03 2.92939693e-03
    8.95312987e-03 -2.23789946e-03 2.66558249e-02 2.16693934e-02
    2.44247052e-03 -1.17397606e-02 2.27050148e-02 2.24946737e-02
    -1.31716812e-03 -1.73370412e-03 2.84771528e-03 2.92418199e-03
    3.21538773e+01 9.60161285e+01 1.95220337e+01 8.47457647e-02
    2.29330399e+02 -4.84745771e-01</_>
  <_>
    1.34537462e-03 -2.00402501e-05 1.57209218e-03 7.09213607e-04
    4.39948440e-02 -2.18068570e-04 4.73854244e-02 1.14460476e-02
    2.43375469e-02 4.17286094e-04 2.87605245e-02 1.00908345e-02
    1.08653202e-03 3.21273183e-05 1.73879147e-03 7.73582957e-04
    8.65546893e-03 -1.18041906e-04 1.03056924e-02 4.63741086e-03
    3.05971801e-01 4.31484310e-03 3.30415338e-01 7.82514364e-02
    1.75201610e-01 -3.83040425e-03 2.04412505e-01 8.54562297e-02
    7.10884994e-03 1.18665441e-04 1.21212723e-02 7.03170290e-03
    8.25928431e-03 7.61093921e-04 1.00847129e-02 4.25428804e-03
    3.01003247e-01 -4.16187523e-03 3.25126082e-01 7.50688985e-02
    1.76838577e-01 4.88587481e-04 2.09346369e-01 8.56281519e-02
    7.28879077e-03 -3.34347977e-04 1.21639678e-02 7.11853197e-03
    1.30063493e-03 1.32668953e-04 1.59088953e-03 5.81232889e-04
    4.24573272e-02 1.19447499e-03 4.63644229e-02 1.08054429e-02
    2.51661669e-02 5.95595164e-04 2.98220813e-02 1.06748762e-02
    1.03498599e-03 1.97446789e-05 1.66094629e-03 8.64698610e-04
    3.19921074e+01 5.11271210e+01 3.12340145e+01 5.87755084e-01
    8.87548904e+01 -2.50793666e-01</_>
  <_>
    -5.89330855e-04 2.18089554e-03 2.41474481e-03 4.37080115e-03
    2.36242227e-02 2.22816523e-02 4.16659266e-02 3.77604999e-02
    2.14505233e-02 3.11334245e-02 3.79831828e-02 3.88148800e-02
    -8.38443637e-04 3.68724018e-03 3.11997836e-03 4.58510220e-03
    -3.89534887e-03 1.87005650e-03 1.65985487e-02 1.88480504e-02
    2.03450501e-01 1.20854657e-02 3.23677778e-01 1.64098039e-01
    1.74182311e-01 -1.23641649e-02 2.42280245e-01 1.16109319e-01
    -6.76123751e-03 4.15975042e-03 1.50011899e-02 1.17015736e-02
    -6.13989448e-03 1.10066552e-02 1.76556427e-02 2.12164149e-02
    1.76712766e-01 3.53740938e-02 3.07513654e-01 1.75912604e-01
    1.69229850e-01 2.29033995e-02 2.40479276e-01 1.09423906e-01
    -4.57130233e-03 -2.95727114e-05 1.39805349e-02 9.13292821e-03
    -4.84306423e-04 2.27642176e-03 2.30408623e-03 3.23504955e-03
    1.70394648e-02 1.73421241e-02 2.98083220e-02 2.47678775e-02
    1.67473201e-02 6.91648945e-03 2.71950476e-02 1.67947542e-02
    -2.60820379e-04 6.93136943e-04 1.91874325e-03 1.42112933e-03
    2.11347103e+01 4.84026451e+01 1.86569233e+01 5.20965680e-02
    3.51601410e+02 -1.25794142e-01</_>
  <_>
    4.41377255e-04 -1.81088317e-03 1.50627643e-03 2.76060356e-03
    1.81563124e-02 -1.26103908e-02 3.02950684e-02 2.32196916e-02
    2.02290639e-02 2.44366308e-03 2.79080682e-02 1.67153906e-02
    -3.53888900e-04 -5.41605928e-04 1.56109710e-03 1.39675441e-03
    2.64858274e-04 -1.02145094e-02 1.37920827e-02 1.76609363e-02
    2.61413515e-01 4.87140054e-03 3.64647418e-01 1.80533960e-01
    9.64786485e-02 -6.76222239e-03 1.68756470e-01 9.71739516e-02
    -6.45259256e-03 -3.70569271e-03 1.39153823e-02 1.15625774e-02
    1.32728158e-03 -1.21202050e-02 1.98904481e-02 2.20720954e-02
    3.10002297e-01 -8.72348994e-02 3.94954413e-01 1.87108174e-01
    8.17155987e-02 -3.68078835e-02 2.00954795e-01 1.11261010e-01
    -7.72128440e-03 -1.04071423e-02 1.61675252e-02 1.60686076e-02
    1.14023872e-03 -2.29928130e-03 4.10623057e-03 4.13547968e-03
    3.71630304e-02 -1.87230017e-02 5.04607372e-02 3.67649831e-02
    1.26220342e-02 -3.23518887e-02 4.27947380e-02 4.11491431e-02
    -1.15602056e-03 -3.39811994e-03 3.94018553e-03 5.30423224e-03
    3.37202492e+01 3.95341034e+01 3.08429260e+01 5.70743442e-01
    1.60820480e+02 -5.75539589e-01</_>
  <_>
    -8.49442906e-04 -7.62619311e-04 3.89957777e-03 2.87573808e-03
    1.42743951e-02 -6.96066022e-03 3.72158661e-02 2.01365333e-02
    9.29398835e-03 -4.39618707e-05 2.06101257e-02 1.13768280e-02
    -2.31340365e-03 3.17442900e-04 3.19564086e-03 1.37461443e-03
    -1.50363781e-02 -2.11468549e-03 3.16514000e-02 2.22172551e-02
    1.53591692e-01 -3.49237435e-02 4.05164659e-01 1.84458658e-01
    1.04371645e-01 -7.89462868e-03 1.76723778e-01 9.36109573e-02
    -1.76963471e-02 2.26821378e-03 2.29470246e-02 1.03619546e-02
    -1.69581659e-02 6.82387408e-03 3.20311412e-02 2.30141208e-02
    1.45545393e-01 4.85291369e-02 4.00058001e-01 1.92181289e-01
    9.81458277e-02 8.98975413e-03 1.68099567e-01 9.76045504e-02
    -1.68696269e-02 -2.59222323e-03 2.17080079e-02 1.00054704e-02
    -1.06066931e-03 7.30332395e-04 3.74229765e-03 2.83899484e-03
    1.15003660e-02 4.59092390e-03 3.49169672e-02 1.94718819e-02
    8.28632247e-03 -1.69043127e-03 1.91538725e-02 1.20801749e-02
    -2.35810992e-03 -2.47836258e-04 3.23129795e-03 1.35513721e-03
    3.01995258e+01 1.00326561e+02 1.91786995e+01 5.77617325e-02
    2.71118500e+02 -3.32129955e-01</_>
  <_>
    3.38437175e-03 2.21632235e-03 5.49921766e-03 5.51445503e-03
    3.06782983e-02 9.39739775e-03 4.38341983e-02 3.65468711e-02
    1.36035420e-02 9.68882814e-03 2.72748917e-02 2.37538889e-02
    5.13364852e-04 1.35608390e-03 2.69172154e-03 2.83122715e-03
    7.23286904e-03 9.40798223e-03 3.72483246e-02 3.54757831e-02
    2.15193987e-01 2.72299107e-02 3.57760370e-01 2.39539117e-01
    1.29703283e-01 2.13509221e-02 2.11535439e-01 1.50750890e-01
    1.72361755e-03 5.64422505e-03 1.43102184e-02 1.45284794e-02
    3.87194869e-03 1.04921218e-02 2.83971000e-02 2.86573488e-02
    1.70031905e-01 2.39176881e-02 3.04451883e-01 2.25449577e-01
    1.40255332e-01 -4.16355208e-03 2.15761825e-01 1.61082998e-01
    3.33010429e-03 1.14711432e-03 1.34719964e-02 1.32761067e-02
    1.39486033e-03 1.85682741e-03 3.36487242e-03 3.62967188e-03
    1.31762093e-02 1.19697675e-02 2.49406025e-02 2.31438503e-02
