<?xml version="1.0"?>
<opencv_storage>
<centroids>
  <_>
    3.24813881e+01 9.19061661e+01 1.93057938e+01 9.91439372e-02
    3.79137955e+01 2.25960582e-01</_>
  <_>
    3.43112640e+01 7.56192703e+01 2.07266655e+01 1.37841508e-01
    2.85112091e+02 2.57262945e-01</_>
  <_>
    3.13700638e+01 7.93622818e+01 2.01373425e+01 1.13529764e-01
    3.49200348e+02 1.64401680e-01</_>
  <_>
    4.15039139e+01 2.52224751e+01 1.89113789e+01 6.06653616e-02
    1.78660294e+02 1.31115466e-01</_>
  <_>
    2.97508678e+01 2.30951729e+01 1.94276695e+01 7.50086457e-02
    8.73614120e+01 9.78223309e-02</_>
  <_>
    3.12240467e+01 9.46657791e+01 1.94303093e+01 9.85670835e-02
    1.51138275e+02 1.74699664e-01</_>
  <_>
    3.00316982e+01 2.38232899e+01 1.91971512e+01 7.28400722e-02
    1.41436672e+01 1.67279407e-01</_>
  <_>
    4.10424690e+01 2.48737984e+01 1.87951107e+01 5.46975583e-02
    2.65472443e+02 1.71943381e-01</_>
  <_>
    2.88894100e+01 1.03672318e+02 1.91543217e+01 7.08766878e-02
    1.76897308e+02 1.23519115e-01</_>
  <_>
    2.26085911e+01 7.92973557e+01 2.07480392e+01 1.11916125e-01
    9.00319519e+01 9.73406062e-02</_>
  <_>
    4.14634438e+01 1.00529877e+02 1.91240368e+01 6.74685165e-02
    1.00272713e+01 8.55102390e-02</_>
  <_>
    3.20011597e+01 2.41062603e+01 1.87428036e+01 5.74416108e-02
    2.92423798e+02 2.05866382e-01</_>
  <_>
    3.05832558e+01 6.44007874e+01 2.01881618e+01 1.25107482e-01
    2.07720779e+02 2.61679560e-01</_>
  <_>
    3.40478439e+01 7.37799530e+01 2.06666660e+01 1.34353742e-01
    1.19075727e+01 2.07240045e-01</_>
  <_>
    4.10595970e+01 2.75510921e+01 1.93897839e+01 7.65454844e-02
    3.48944946e+02 1.78094804e-01</_>
  <_>
    3.02567043e+01 9.79027634e+01 1.87607346e+01 6.78675398e-02
    2.39510391e+02 1.76128089e-01</_>
  <_>
    2.90642166e+01 2.52428436e+01 1.83398304e+01 4.91911955e-02
    5.39150467e+01 2.20100760e-01</_>
  <_>
    2.17466145e+01 2.44360180e+01 1.85571365e+01 4.73960266e-02
    3.48070374e+02 1.59235656e-01</_>
  <_>
    4.11016693e+01 1.03426476e+02 1.84989662e+01 4.36368063e-02
    2.71607880e+02 1.52546495e-01</_>
  <_>
    3.19848213e+01 6.06181259e+01 1.94144917e+01 9.96920094e-02
    5.56176643e+01 2.68925279e-01</_>
  <_>
    2.96917553e+01 5.97324867e+01 2.00081692e+01 1.17942102e-01
    2.39530243e+02 2.40470052e-01</_>
  <_>
    2.99008598e+01 6.03279495e+01 1.97842426e+01 1.10140406e-01
    1.53663818e+02 2.91731656e-01</_>
  <_>
    3.32198677e+01 2.82860298e+01 1.88529491e+01 6.58110306e-02
    1.48948212e+02 2.55598009e-01</_>
  <_>
    3.08104877e+01 2.84727135e+01 1.90957031e+01 7.84666836e-02
    2.37661972e+02 2.65243113e-01</_>
  <_>
    2.13286972e+01 7.76289597e+01 1.97632999e+01 9.23770219e-02
    1.78567230e+02 1.43322065e-01</_>
  <_>
    2.15213642e+01 1.03528603e+02 1.90196495e+01 4.88546304e-02
    9.07864761e+01 1.61763113e-02</_>
  <_>
    4.16953735e+01 1.00297417e+02 1.93905869e+01 6.38477430e-02
    9.05738297e+01 2.47515459e-02</_>
  <_>
    3.22515144e+01 9.90029984e+01 1.87844372e+01 7.52603635e-02
    3.08304810e+02 1.94340721e-01</_>
  <_>
    3.13553391e+01 3.15239353e+01 1.96348915e+01 9.38325450e-02
    2.08393295e+02 2.72539318e-01</_>
  <_>
    4.09354973e+01 7.28081436e+01 2.04384670e+01 1.03729799e-01
    8.88569870e+01 1.45067036e-01</_>
  <_>
    3.15348339e+01 9.56428986e+01 1.93071690e+01 8.80312249e-02
    1.16642113e+02 1.32986411e-01</_>
  <_>
    2.20433102e+01 4.96769981e+01 1.99272423e+01 1.00767083e-01
    1.81958206e+02 2.15713620e-01</_>
  <_>
    3.43363953e+01 1.02523163e+02 1.88824768e+01 6.67212903e-02
    3.48100769e+02 1.47372127e-01</_>
  <_>
    2.09268112e+01 9.97172394e+01 1.88285370e+01 5.36298230e-02
    2.69695343e+02 1.43230870e-01</_>
  <_>
    4.20672836e+01 5.52442322e+01 1.91949825e+01 7.39071667e-02
    3.48011292e+02 2.13459522e-01</_>
  <_>
    3.25249596e+01 3.14367065e+01 1.96102848e+01 9.34681967e-02
    3.20354645e+02 3.08554709e-01</_>
  <_>
    3.75371208e+01 7.85158234e+01 2.08162708e+01 1.32813349e-01
    2.62378082e+02 2.37352401e-01</_>
  <_>
    2.85357113e+01 9.82454453e+01 1.91447964e+01 8.40642080e-02
    2.02531113e+02 1.84511006e-01</_>
  <_>
    4.16427116e+01 5.01170731e+01 1.93784771e+01 7.42574260e-02
    1.79717621e+02 1.35077789e-01</_>
  <_>
    4.11166687e+01 7.96364212e+01 1.98580933e+01 9.99704674e-02
    1.79555786e+02 1.57708213e-01</_>
  <_>
    3.04283905e+01 4.86672859e+01 2.06553974e+01 1.31276980e-01
    2.89580353e+02 1.72362730e-01</_>
  <_>
    2.24466457e+01 5.02358055e+01 2.01834278e+01 1.09773375e-01
    3.49651581e+02 1.85269117e-01</_>
  <_>
    2.13641090e+01 2.97441578e+01 1.93498020e+01 7.24356920e-02
    2.65493011e+02 1.81573570e-01</_>
  <_>
    4.14616814e+01 4.47337265e+01 1.98522835e+01 9.13654566e-02
    8.81595078e+01 1.61897585e-01</_>
  <_>
    2.15971832e+01 2.45961475e+01 1.87186508e+01 5.49450554e-02
    1.79871552e+02 1.51287064e-01</_>
  <_>
    2.06817055e+01 6.42133636e+01 1.91129875e+01 6.24163151e-02
    2.67946930e+02 1.45535067e-01</_>
  <_>
    3.38241615e+01 2.51638241e+01 1.86498051e+01 5.99999987e-02
    1.15488434e+02 1.99483871e-01</_>
  <_>
    3.07768097e+01 6.00359802e+01 1.95574703e+01 9.62445140e-02
    1.18074532e+02 2.71988302e-01</_>
  <_>
    4.13347130e+01 4.74090118e+01 1.92658291e+01 8.31319466e-02
    1.29691734e+01 2.76623160e-01</_>
  <_>
    2.05426979e+01 4.83468590e+01 1.87326927e+01 6.45059794e-02
    1.26045370e+01 1.49150416e-01</_>
  <_>
    2.24212475e+01 9.87909164e+01 1.91340160e+01 7.21311495e-02
    1.14966393e+01 9.42622945e-02</_>
  <_>
    3.96097450e+01 5.21908531e+01 2.02618713e+01 1.12613909e-01
    2.65773743e+02 5.51558770e-02</_>
  <_>
    3.20304146e+01 6.43603668e+01 1.98598194e+01 1.15256391e-01
    3.18617767e+02 2.66550243e-01</_>
  <_>
    3.19438572e+01 9.77023239e+01 1.97530422e+01 9.50530916e-02
    6.80792694e+01 1.03859104e-01</_>
  <_>
    2.22302208e+01 5.24356270e+01 2.03777676e+01 1.09135434e-01
    8.89013367e+01 1.79940373e-01</_></centroids>
</opencv_storage>
