<?xml version="1.0"?>
<opencv_storage>
<centroids>
  <_>
    3.19145489e+01 3.79879036e+01 1.95312386e+01 8.72101635e-02
    3.40412659e+02 2.13858381e-01</_>
  <_>
    3.17099400e+01 3.90565796e+01 1.94915981e+01 8.31853822e-02
    1.80903122e+02 1.74938887e-01</_>
  <_>
    3.28525314e+01 8.87061005e+01 1.95863152e+01 9.48164240e-02
    1.78984585e+01 1.60436064e-01</_>
  <_>
    3.16096077e+01 6.39820786e+01 2.01793175e+01 1.10287763e-01
    2.72760101e+02 1.63495556e-01</_>
  <_>
    3.29288368e+01 3.29684601e+01 1.86779175e+01 6.25483096e-02
    1.32553299e+02 2.70419985e-01</_>
  <_>
    3.14109783e+01 9.77498322e+01 1.90367432e+01 6.79521561e-02
    2.67628540e+02 1.64629102e-01</_>
  <_>
    3.15519753e+01 6.66377258e+01 2.03717556e+01 1.07278235e-01
    8.88727188e+01 1.67901084e-01</_>
  <_>
    3.31233978e+01 8.76009521e+01 1.94062614e+01 8.85682777e-02
    3.42021576e+02 1.85188219e-01</_>
  <_>
    3.04410267e+01 8.74195786e+01 1.94023018e+01 9.39178094e-02
    1.52013763e+02 1.96383566e-01</_>
  <_>
    3.10959167e+01 2.91352539e+01 1.93143845e+01 7.51893669e-02
    8.30985641e+01 1.32778853e-01</_>
  <_>
    2.96800709e+01 8.88492432e+01 1.95445404e+01 9.02012810e-02
    1.89737015e+02 1.64490685e-01</_>
  <_>
    3.07615051e+01 4.05380363e+01 1.93849354e+01 9.20337886e-02
    2.29888046e+02 2.64277577e-01</_>
  <_>
    3.05258713e+01 3.78892365e+01 1.91186333e+01 7.63899684e-02
    1.80098057e+01 2.13518143e-01</_>
  <_>
    3.15286217e+01 9.82840195e+01 1.95708370e+01 7.63662830e-02
    8.84540939e+01 5.37900627e-02</_>
  <_>
    3.16100712e+01 2.94212170e+01 1.93307915e+01 7.57042840e-02
    2.76602020e+02 1.88389614e-01</_></centroids>
</opencv_storage>
