<?xml version="1.0"?>
<opencv_storage>
<centroids>
  <_>
    2.12199287e+01 1.01907669e+02 1.86063805e+01 4.85750139e-02
    2.62112762e+02 1.25649765e-01</_>
  <_>
    3.94331512e+01 4.17155380e+01 2.14469566e+01 1.53481603e-01
    9.01550598e+01 1.44732058e-01</_>
  <_>
    2.28969002e+01 8.44317322e+01 2.03442478e+01 1.15221240e-01
    1.82697205e+02 1.41238928e-01</_>
  <_>
    2.26086960e+01 9.92752991e+01 1.92529221e+01 8.82864967e-02
    3.50453369e+02 1.44491419e-01</_>
  <_>
    4.09784355e+01 1.03579460e+02 1.89191704e+01 6.17548898e-02
    9.63281345e+00 7.96375796e-02</_>
  <_>
    2.21767788e+01 5.08621216e+01 2.00562439e+01 1.07483320e-01
    2.88970215e+02 1.55386090e-01</_>
  <_>
    4.03015366e+01 1.01362495e+02 1.92891502e+01 6.86217025e-02
    1.03128410e+02 5.33724353e-02</_>
  <_>
    3.01742916e+01 2.58876095e+01 1.87373333e+01 6.29849359e-02
    3.48357773e+01 2.53765404e-01</_>
  <_>
    2.12300434e+01 2.20193481e+01 1.82456741e+01 3.43904458e-02
    1.80637512e+02 1.28088966e-01</_>
  <_>
    4.16098442e+01 5.19114685e+01 1.95291977e+01 8.07485655e-02
    3.50100677e+02 2.11921677e-01</_>
  <_>
    2.18995476e+01 2.53408756e+01 1.89634094e+01 5.38116619e-02
    2.56108948e+02 1.75246641e-01</_>
  <_>
    4.15511360e+01 1.04089638e+02 1.89332733e+01 4.65741120e-02
    8.30466461e+01 1.05985962e-02</_>
  <_>
    3.98970757e+01 4.45448570e+01 2.03033485e+01 1.12398185e-01
    2.76386108e+02 9.79185477e-02</_>
  <_>
    2.13079758e+01 2.73747749e+01 1.85842323e+01 5.42656556e-02
    2.18425217e+02 2.54319638e-01</_>
  <_>
    2.23149643e+01 6.94235153e+01 1.93769131e+01 8.61744955e-02
    7.06718979e+01 2.00000003e-01</_>
  <_>
    2.38803711e+01 8.83111725e+01 2.17246456e+01 1.50386244e-01
    8.78031616e+01 5.55694029e-02</_>
  <_>
    4.10195389e+01 5.28777046e+01 1.94508610e+01 8.88801888e-02
    1.09021349e+01 2.49021143e-01</_>
  <_>
    4.05523262e+01 6.34391670e+01 1.95565720e+01 8.53998810e-02
    2.62913330e+02 1.46621197e-01</_>
  <_>
    4.16700859e+01 4.92444267e+01 1.86245308e+01 6.38754666e-02
    1.58307312e+02 1.76596880e-01</_>
  <_>
    4.10446014e+01 7.54105377e+01 1.96320000e+01 9.01052579e-02
    1.72921753e+02 1.69684201e-01</_>
  <_>
    4.05921783e+01 1.00311928e+02 1.85341892e+01 5.61660565e-02
    2.93813080e+02 1.31868139e-01</_>
  <_>
    3.42402267e+01 5.00252151e+01 1.94491196e+01 9.89198461e-02
    5.31865196e+01 2.86526442e-01</_>
  <_>
    2.25080261e+01 2.32329044e+01 1.93674202e+01 6.96832538e-02
    8.76922684e+01 9.24886838e-02</_>
  <_>
    2.25198650e+01 6.20147324e+01 2.01181870e+01 1.06469691e-01
    1.80595520e+02 1.89336047e-01</_>
  <_>
    2.32656937e+01 6.82272949e+01 2.12290745e+01 1.33352414e-01
    9.24689789e+01 1.32923156e-01</_>
  <_>
    2.30314693e+01 4.25118752e+01 2.05987072e+01 1.27105370e-01
    1.93262665e+02 2.70270288e-01</_>
  <_>
    2.08655663e+01 1.04306969e+02 1.85212173e+01 4.60513793e-02
    1.77143631e+02 1.04471929e-01</_>
  <_>
    2.16496277e+01 6.67891464e+01 1.92201214e+01 8.63623098e-02
    2.10620132e+02 2.55015969e-01</_>
  <_>
    4.16672783e+01 8.10244904e+01 1.98835487e+01 7.68822208e-02
    9.22789993e+01 8.11313242e-02</_>
  <_>
    2.18522072e+01 5.29096069e+01 1.96448746e+01 8.53232369e-02
    2.67209778e+02 7.68782794e-02</_>
  <_>
    2.80538406e+01 1.02365128e+02 1.83961258e+01 5.94522394e-02
    1.27601784e+02 1.37608558e-01</_>
  <_>
    3.23097382e+01 6.08817101e+01 2.02801037e+01 1.35951668e-01
    3.27276245e+02 2.56797582e-01</_>
  <_>
    4.10111427e+01 2.47579308e+01 1.79800415e+01 3.85652632e-02
    1.25570709e+02 2.61596531e-01</_>
  <_>
    2.31567173e+01 4.32399597e+01 1.99736996e+01 1.08734049e-01
    1.70100891e+02 2.19234541e-01</_>
  <_>
    3.91422691e+01 3.08559570e+01 1.97750397e+01 9.57532078e-02
    3.28134094e+02 2.63221145e-01</_>
  <_>
    3.09248905e+01 9.98010712e+01 1.87280273e+01 6.88638762e-02
    2.36688293e+02 1.81136116e-01</_>
  <_>
    2.38433456e+01 1.02737289e+02 1.88321724e+01 5.85834347e-02
    6.85411758e+01 9.62785110e-02</_>
  <_>
    4.08931427e+01 2.53333073e+01 1.90043087e+01 6.15637153e-02
    3.51483612e+02 1.50420681e-01</_>
  <_>
    3.81219788e+01 4.56089134e+01 2.07205029e+01 1.50287434e-01
    2.13640991e+02 3.16725969e-01</_>
  <_>
    2.19266205e+01 2.53335800e+01 1.88515835e+01 5.80995455e-02
    2.78901154e+02 2.08687782e-01</_>
  <_>
    2.28641052e+01 7.07013168e+01 2.00670376e+01 1.08471893e-01
    9.26269436e+00 2.04539463e-01</_>
  <_>
    2.34870796e+01 4.89283028e+01 1.96848278e+01 1.07142858e-01
    2.40001587e+02 2.11678833e-01</_>
  <_>
    3.73285942e+01 7.88500290e+01 1.92926025e+01 1.03698328e-01
    1.35404388e+02 3.23422760e-01</_>
  <_>
    3.37637520e+01 1.00477158e+02 1.96795521e+01 1.03001513e-01
    1.56873810e+02 1.18980788e-01</_>
  <_>
    2.28784504e+01 4.46135750e+01 2.03551579e+01 1.17716007e-01
    3.50106110e+02 1.98593438e-01</_>
  <_>
    3.94425049e+01 4.98586540e+01 2.01172485e+01 1.17837198e-01
    3.04759521e+02 2.74757564e-01</_>
  <_>
    4.09883995e+01 2.27064533e+01 1.85507088e+01 4.58636209e-02
    2.66899536e+02 1.52301833e-01</_>
  <_>
    3.16709824e+01 7.05864487e+01 1.96518955e+01 1.17725573e-01
    3.48463707e+01 2.95248270e-01</_>
  <_>
    2.41206169e+01 8.20072479e+01 2.01647396e+01 1.12579651e-01
    1.10008423e+02 1.67335376e-01</_>
  <_>
    3.88329926e+01 4.24368095e+01 2.15637665e+01 1.62333682e-01
    2.55216156e+02 1.43500522e-01</_>
  <_>
    4.16607857e+01 1.03035828e+02 1.86916161e+01 5.01236245e-02
    3.49884918e+02 1.44976392e-01</_>
  <_>
    2.25108566e+01 9.92145233e+01 1.93228111e+01 7.98132494e-02
    1.16030159e+01 9.47087631e-02</_>
  <_>
    2.71291676e+01 1.00117096e+02 1.90398598e+01 8.41735005e-02
    2.04842697e+02 1.72801867e-01</_>
  <_>
    3.28849792e+01 9.82389374e+01 1.92198086e+01 9.26730409e-02
    3.23475067e+02 2.19808862e-01</_>
  <_>
    3.85582123e+01 7.02197418e+01 1.96304150e+01 9.90962908e-02
    2.33533966e+02 3.29386115e-01</_>
  <_>
    2.12339325e+01 4.73728256e+01 1.95321426e+01 7.67631233e-02
    8.77582855e+01 1.66175708e-01</_>
  <_>
    2.39665394e+01 7.41961060e+01 2.10646820e+01 1.44353181e-01
    2.53902985e+02 2.03696102e-01</_>
  <_>
    3.98061256e+01 8.61414642e+01 2.05552177e+01 1.18942730e-01
    2.67889740e+02 2.24365786e-01</_>
  <_>
    2.14855442e+01 7.66507339e+01 1.94721107e+01 7.74795040e-02
    2.74094513e+02 2.32599258e-01</_>
  <_>
    2.28533955e+01 2.67710953e+01 1.90171432e+01 7.37414956e-02
    1.12891060e+02 1.55918375e-01</_>
  <_>
    2.23980408e+01 7.64612579e+01 1.99398403e+01 1.12125471e-01
    1.58641434e+02 2.17696637e-01</_>
  <_>
    4.05524368e+01 1.01227272e+02 1.90790768e+01 6.86554983e-02
    1.81495255e+02 1.34041682e-01</_>
  <_>
    4.08635674e+01 2.16210136e+01 1.85022259e+01 4.17815484e-02
    9.66868668e+01 1.11346759e-01</_>
  <_>
    2.50323563e+01 5.15838280e+01 1.93932800e+01 9.48616639e-02
    1.36606705e+02 3.56389999e-01</_>
  <_>
    4.00199509e+01 8.39153748e+01 2.03030167e+01 1.15873411e-01
    6.74587326e+01 1.53251931e-01</_>
  <_>
    2.17000465e+01 4.60546265e+01 1.92010040e+01 7.98221827e-02
    1.16127176e+01 1.41476616e-01</_>
  <_>
    2.19279709e+01 2.38743820e+01 1.79604588e+01 3.41971666e-02
    5.99414330e+01 2.08656147e-01</_>
  <_>
    4.04459038e+01 8.08583908e+01 2.03771801e+01 1.17274173e-01
    1.09325247e+01 1.56497627e-01</_>
  <_>
    2.26238689e+01 1.02313400e+02 1.90923405e+01 6.95488751e-02
    2.82528046e+02 1.60714284e-01</_>
  <_>
    2.11849155e+01 1.05903130e+02 1.84846992e+01 3.13994288e-02
    9.35483398e+01 2.29518656e-02</_>
  <_>
    4.17024994e+01 4.89961739e+01 1.93648891e+01 7.08087981e-02
    1.82768311e+02 1.44406572e-01</_>
  <_>
