<?xml version="1.0"?>
<opencv_storage>
<centroids>
  <_>
    3.02804375e+01 2.52949200e+01 1.90037899e+01 6.67265132e-02
    1.40743179e+01 1.72551364e-01</_>
  <_>
    3.04759254e+01 6.75930939e+01 2.04014225e+01 1.23660766e-01
    2.49510574e+02 2.22589374e-01</_>
  <_>
    2.23393478e+01 7.55475998e+01 2.05743313e+01 1.07552581e-01
    8.98991852e+01 1.13926068e-01</_>
  <_>
    3.06505356e+01 5.86736946e+01 1.94994545e+01 9.43190604e-02
    1.18288490e+02 2.79377431e-01</_>
  <_>
    3.15265465e+01 2.45123920e+01 1.89185429e+01 6.05780110e-02
    3.49949280e+02 1.56433195e-01</_>
  <_>
    2.84655495e+01 1.02083176e+02 1.89883766e+01 6.55479804e-02
    1.83332748e+02 1.39486104e-01</_>
  <_>
    3.12017956e+01 2.94923496e+01 1.94385986e+01 8.65177438e-02
    2.08075531e+02 2.63635337e-01</_>
  <_>
    2.98665791e+01 9.67209320e+01 1.89823093e+01 7.98784867e-02
    2.18949295e+02 2.03716949e-01</_>
  <_>
    3.22092400e+01 6.09509010e+01 1.98922653e+01 1.13046698e-01
    3.08196503e+02 2.78724968e-01</_>
  <_>
    3.07063103e+01 4.84031792e+01 2.06274796e+01 1.21166192e-01
    8.85185776e+01 1.77022442e-01</_>
  <_>
    3.29527168e+01 1.01169182e+02 1.92881908e+01 7.58699328e-02
    9.81504250e+00 8.24871659e-02</_>
  <_>
    3.22246170e+01 2.82052250e+01 1.92718544e+01 7.88776651e-02
    2.92031952e+02 2.31825769e-01</_>
  <_>
    2.14015160e+01 4.89734802e+01 1.95936737e+01 8.84346738e-02
    1.81988373e+02 2.17953980e-01</_>
  <_>
    3.20956650e+01 7.56690445e+01 2.07801685e+01 1.29589006e-01
    2.74968781e+02 2.31826842e-01</_>
  <_>
    3.38127403e+01 1.00910088e+02 1.90182896e+01 7.11593926e-02
    3.49986053e+02 1.43427178e-01</_>
  <_>
    4.16065102e+01 7.25040741e+01 2.01708317e+01 9.29150134e-02
    8.88361053e+01 1.41182557e-01</_>
  <_>
    3.05606937e+01 4.90942192e+01 1.93940182e+01 8.85120630e-02
    1.19671383e+01 2.14012861e-01</_>
  <_>
    3.18040371e+01 2.35290051e+01 1.91103706e+01 6.75567463e-02
    1.79272278e+02 1.30218074e-01</_>
  <_>
    2.09864407e+01 9.94183960e+01 1.86670876e+01 5.06082140e-02
    2.62310944e+02 1.40234098e-01</_>
  <_>
    3.26854515e+01 7.37623978e+01 1.97805176e+01 1.00188099e-01
    3.47867432e+02 1.79487184e-01</_>
  <_>
    3.11873760e+01 2.47407990e+01 1.92263832e+01 7.00726658e-02
    2.65418671e+02 1.76924214e-01</_>
  <_>
    2.90985031e+01 6.61865387e+01 1.98522091e+01 1.12195127e-01
    1.55921539e+02 2.77257740e-01</_>
  <_>
    3.18133049e+01 4.89661522e+01 2.00560341e+01 1.06089592e-01
    3.48684174e+02 2.03252047e-01</_>
  <_>
    4.14085159e+01 1.00152351e+02 1.95096207e+01 6.73946068e-02
    9.13863678e+01 2.55079195e-02</_>
  <_>
    3.13440094e+01 2.38638992e+01 1.93233356e+01 7.03489706e-02
    8.72409973e+01 9.20313373e-02</_>
  <_>
    3.31710472e+01 9.50754242e+01 1.90933914e+01 8.35939124e-02
    3.19068024e+02 2.44944751e-01</_>
  <_>
    2.13901463e+01 5.24148979e+01 1.96805477e+01 8.66134241e-02
    2.72390900e+02 7.77714401e-02</_>
  <_>
    4.21836319e+01 4.90735168e+01 1.91637821e+01 6.64455295e-02
    1.79542587e+02 1.39628902e-01</_>
  <_>
    3.05680561e+01 3.18282032e+01 1.93245029e+01 8.71274844e-02
    2.39822479e+02 2.56415576e-01</_>
  <_>
    3.12277031e+01 9.48250809e+01 1.92450581e+01 8.68153572e-02
    1.19783165e+02 1.57820433e-01</_>
  <_>
    3.32549324e+01 2.96172199e+01 1.88419857e+01 6.54273331e-02
    1.50569305e+02 2.48189285e-01</_>
  <_>
    4.19656715e+01 9.98087387e+01 1.85784264e+01 5.02926782e-02
    2.63128571e+02 1.56134278e-01</_>
  <_>
    3.38964920e+01 2.51112232e+01 1.85678825e+01 5.72897084e-02
    1.15761948e+02 2.03961387e-01</_>
  <_>
    3.15715256e+01 9.72846603e+01 1.93889542e+01 9.13991332e-02
    1.57875534e+02 1.45424053e-01</_>
  <_>
    3.23446503e+01 3.09092655e+01 1.93372841e+01 8.21963772e-02
    3.22529694e+02 2.89420694e-01</_>
  <_>
    2.14440594e+01 1.01982506e+02 1.91851845e+01 5.47335856e-02
    9.12923813e+01 2.44657192e-02</_>
  <_>
    3.06775627e+01 6.09366455e+01 1.98872795e+01 1.19286954e-01
    2.13145569e+02 2.76504487e-01</_>
  <_>
    3.17476768e+01 9.30579071e+01 1.91619835e+01 9.21946764e-02
    3.65788002e+01 2.12855831e-01</_>
  <_>
    3.04409447e+01 7.73176498e+01 2.03378887e+01 1.16626695e-01
    1.83285873e+02 1.45483613e-01</_>
  <_>
    2.89083595e+01 2.52692966e+01 1.82840004e+01 4.75751199e-02
    5.38571091e+01 2.22983658e-01</_>
  <_>
    3.20098991e+01 9.73048172e+01 1.97792568e+01 9.64700207e-02
    6.85018234e+01 1.06382981e-01</_>
  <_>
    4.17668648e+01 5.18942451e+01 1.96197968e+01 8.46686214e-02
    2.69184631e+02 7.12050796e-02</_>
  <_>
    3.22878685e+01 5.98103867e+01 1.92780190e+01 9.47368443e-02
    5.43777046e+01 2.75541812e-01</_>
  <_>
    3.17628403e+01 1.01040306e+02 1.90928459e+01 7.45814294e-02
    2.86619598e+02 1.58710390e-01</_>
  <_>
    3.36707268e+01 7.47759094e+01 2.01794395e+01 1.14374526e-01
    1.18863668e+01 1.94768995e-01</_></centroids>
</opencv_storage>
