<?xml version="1.0"?>
<opencv_storage>
<centroids>
  <_>
    3.15399799e+01 6.38514061e+01 2.02110538e+01 1.08737111e-01
    2.73479645e+02 1.44035816e-01</_>
  <_>
    3.14899082e+01 6.58565826e+01 2.05091095e+01 1.09244548e-01
    9.13646698e+01 1.63224608e-01</_>
  <_>
    3.22352715e+01 2.99249477e+01 1.92751789e+01 7.39330947e-02
    1.78791534e+02 1.64569438e-01</_>
  <_>
    3.28617668e+01 9.64338455e+01 1.95195999e+01 8.91089141e-02
    1.41649809e+01 1.13793574e-01</_>
  <_>
    3.24043465e+01 5.95923920e+01 1.98946972e+01 1.02471828e-01
    3.46136414e+02 1.95445701e-01</_>
  <_>
    2.95280151e+01 9.72481537e+01 1.93948593e+01 8.18554536e-02
    1.79203964e+02 1.25800356e-01</_>
  <_>
    3.14051189e+01 9.86920013e+01 1.96170139e+01 7.41516650e-02
    9.23274231e+01 3.56504992e-02</_>
  <_>
    3.13524532e+01 2.83393784e+01 1.93002262e+01 7.34156296e-02
    2.65229736e+02 1.69694856e-01</_>
  <_>
    3.14893513e+01 9.84058304e+01 1.90727520e+01 6.55578077e-02
    2.69609558e+02 1.57948196e-01</_>
  <_>
    3.16776962e+01 2.91646366e+01 1.92539940e+01 7.35394806e-02
    3.45131592e+02 1.89639434e-01</_>
  <_>
    3.34880066e+01 9.64574127e+01 1.92235966e+01 8.05121511e-02
    3.47479797e+02 1.50462970e-01</_>
  <_>
    3.00846901e+01 6.22941322e+01 2.00394859e+01 1.09692805e-01
    1.97607193e+02 2.14195535e-01</_>
  <_>
    3.31280937e+01 3.20513649e+01 1.86140804e+01 6.04628399e-02
    1.34383118e+02 2.81290740e-01</_>
  <_>
    2.99890537e+01 3.22669067e+01 1.86551991e+01 6.22147098e-02
    5.78064117e+01 2.30262041e-01</_>
  <_>
    3.07821941e+01 3.01276760e+01 1.91265564e+01 7.88310394e-02
    2.19017914e+02 2.81761616e-01</_>
  <_>
    3.07450523e+01 8.90726547e+01 1.90946712e+01 9.04195011e-02
    1.35392120e+02 2.16931224e-01</_>
  <_>
    3.16881504e+01 2.91812420e+01 1.95131130e+01 8.00926164e-02
    9.27329254e+01 1.17043898e-01</_>
  <_>
    2.99356441e+01 2.98334351e+01 1.90734673e+01 7.04955384e-02
    1.38691559e+01 1.84878007e-01</_>
  <_>
    3.12013416e+01 5.78907585e+01 2.00674782e+01 1.13778241e-01
    2.47285385e+02 1.90398335e-01</_>
  <_>
    3.24252815e+01 6.21715279e+01 1.96765022e+01 1.01652548e-01
    1.48119097e+01 2.26357445e-01</_>
  <_>
    3.01724033e+01 9.47028198e+01 1.89355469e+01 7.72680715e-02
    2.28842361e+02 2.19118416e-01</_>
  <_>
    3.20500755e+01 3.34589996e+01 1.94453011e+01 8.73162374e-02
    3.02241791e+02 2.67867386e-01</_>
  <_>
    3.21696358e+01 8.93053513e+01 1.94304981e+01 8.76755044e-02
    6.28217583e+01 1.64430574e-01</_>
  <_>
    3.11461773e+01 6.18343277e+01 1.97429237e+01 9.83314142e-02
    1.69529816e+02 1.98158801e-01</_>
  <_>
    3.23364868e+01 8.25565567e+01 1.94026279e+01 9.82187316e-02
    3.06430634e+02 2.71967381e-01</_></centroids>
</opencv_storage>
