<?xml version="1.0"?>
<opencv_storage>
<centroids>
  <_>
    2.16878281e+01 2.75914688e+01 1.96955719e+01 8.51453990e-02
    9.24937592e+01 9.19570327e-02</_>
  <_>
    4.11541862e+01 2.47771740e+01 1.87769394e+01 5.39486073e-02
    2.67652405e+02 1.65343732e-01</_>
  <_>
    2.94474773e+01 6.57959747e+01 1.98321171e+01 1.17856532e-01
    2.13192764e+02 2.86077648e-01</_>
  <_>
    2.46361408e+01 9.81728134e+01 1.95880051e+01 9.01346058e-02
    2.83799469e+02 1.71238706e-01</_>
  <_>
    4.20457687e+01 4.71011887e+01 1.94394722e+01 8.10772851e-02
    3.48068481e+02 2.23172948e-01</_>
  <_>
    3.42471924e+01 1.01652931e+02 1.94007607e+01 8.09850544e-02
    9.55314732e+00 8.74785632e-02</_>
  <_>
    3.08116093e+01 5.10534363e+01 1.91516361e+01 8.72734860e-02
    1.24440773e+02 3.02228719e-01</_>
  <_>
    4.13248711e+01 4.59052773e+01 1.93060455e+01 7.71509334e-02
    1.73159210e+02 1.25353441e-01</_>
  <_>
    3.00697060e+01 2.82969646e+01 1.89267540e+01 7.06292689e-02
    2.16638397e+02 2.82371730e-01</_>
  <_>
    4.17923584e+01 1.00149681e+02 1.87970924e+01 5.66452518e-02
    3.48473755e+02 1.44403115e-01</_>
  <_>
    3.16726170e+01 1.00479538e+02 1.90673237e+01 7.55844638e-02
    1.14097046e+02 8.27913582e-02</_>
  <_>
    2.06558151e+01 6.50789032e+01 1.91090240e+01 6.21086136e-02
    2.69525574e+02 1.46904841e-01</_>
  <_>
    2.92206631e+01 2.54021225e+01 1.87369785e+01 5.87384254e-02
    6.47391968e+01 1.73321754e-01</_>
  <_>
    2.86789589e+01 4.80187836e+01 1.95752449e+01 9.48968530e-02
    1.10137072e+01 1.92399561e-01</_>
  <_>
    4.17938347e+01 1.00774918e+02 1.93715019e+01 6.17185980e-02
    8.96943893e+01 2.18297280e-02</_>
  <_>
    3.11364632e+01 9.61985779e+01 1.92159615e+01 9.38011259e-02
    1.46967911e+02 1.96146160e-01</_>
  <_>
    3.47411919e+01 2.35522175e+01 1.84345646e+01 5.19806109e-02
    1.20974846e+02 2.38174826e-01</_>
  <_>
    3.15151863e+01 9.67500153e+01 1.89246197e+01 7.64467195e-02
    2.35647598e+02 1.96668804e-01</_>
  <_>
    2.27504311e+01 8.26837234e+01 2.08601093e+01 1.17079347e-01
    8.77844315e+01 8.44219103e-02</_>
  <_>
    2.13287430e+01 2.51330986e+01 1.87737999e+01 5.41629381e-02
    1.81453857e+02 1.53685480e-01</_>
  <_>
    3.21478157e+01 3.06220818e+01 1.95045700e+01 8.80955309e-02
    3.22272156e+02 2.93042511e-01</_>
  <_>
    2.20989075e+01 5.77548866e+01 2.02990952e+01 1.04137108e-01
    8.84505310e+01 1.84368521e-01</_>
  <_>
    2.12779694e+01 1.02827705e+02 1.87859936e+01 5.49056306e-02
    1.75372726e+02 1.05599754e-01</_>
  <_>
    2.13987141e+01 4.79468689e+01 1.96892338e+01 8.91188756e-02
    3.49847504e+02 1.83556139e-01</_>
  <_>
    3.92174759e+01 5.15726585e+01 2.03389587e+01 1.14709325e-01
    2.66495453e+02 5.15021458e-02</_>
  <_>
    3.37817764e+01 7.32558746e+01 2.04026070e+01 1.23279326e-01
    3.49457581e+02 1.75539047e-01</_>
  <_>
    3.77520103e+01 7.81525574e+01 2.08570957e+01 1.33904368e-01
    2.62859161e+02 2.32137039e-01</_>
  <_>
    3.21601295e+01 2.82506447e+01 1.89572906e+01 6.85936138e-02
    1.52212677e+02 2.51078516e-01</_>
  <_>
    3.15793037e+01 2.84921055e+01 1.92126293e+01 7.97872320e-02
    2.43149948e+02 2.38679767e-01</_>
  <_>
    3.71180153e+01 7.28150711e+01 2.04725685e+01 1.29647821e-01
    2.85926727e+02 2.55226582e-01</_>
  <_>
    2.86309109e+01 9.88647919e+01 1.92095814e+01 8.50174204e-02
    2.01440933e+02 1.89895466e-01</_>
  <_>
    3.15886993e+01 2.49861259e+01 1.90720310e+01 6.81544840e-02
    9.42696571e+00 1.62902579e-01</_>
  <_>
    2.91104546e+01 2.75096340e+01 1.85529423e+01 5.76124564e-02
    3.51555214e+01 2.60207623e-01</_>
  <_>
    2.97316189e+01 4.77787514e+01 2.06657391e+01 1.30815104e-01
    2.90807220e+02 1.93108007e-01</_>
  <_>
    3.05410175e+01 7.48680191e+01 2.06542187e+01 1.28714442e-01
    1.10239632e+02 1.86715409e-01</_>
  <_>
    2.13969097e+01 5.23277512e+01 1.94783058e+01 8.38068128e-02
    1.78860733e+02 1.95506185e-01</_>
  <_>
    3.20930519e+01 9.81062088e+01 1.95620346e+01 8.98090079e-02
    6.61830902e+01 1.21737860e-01</_>
  <_>
    2.26154423e+01 7.77851028e+01 1.99604931e+01 1.08938001e-01
    1.17581425e+01 1.86387643e-01</_>
  <_>
    4.21070328e+01 7.03588486e+01 1.95632095e+01 8.86547863e-02
    1.31163874e+01 2.15883315e-01</_>
  <_>
    3.17681656e+01 6.33080902e+01 1.98165226e+01 1.16074294e-01
    3.19357666e+02 2.64169067e-01</_>
  <_>
    2.14635124e+01 1.04407707e+02 1.89043083e+01 4.45275716e-02
    8.98180084e+01 1.82213094e-02</_>
  <_>
    3.19275856e+01 6.05232620e+01 1.93131695e+01 9.69251320e-02
    5.38104172e+01 2.75401086e-01</_>
  <_>
    2.11327095e+01 2.94092274e+01 1.92208691e+01 6.63736761e-02
    2.67140564e+02 1.83231905e-01</_>
  <_>
    3.26956291e+01 4.30998726e+01 2.10931091e+01 1.50439888e-01
    1.98132095e+02 2.73020536e-01</_>
  <_>
    2.21988754e+01 9.81135178e+01 1.90153084e+01 7.75844008e-02
    3.48539093e+02 1.46571606e-01</_>
  <_>
    4.19905396e+01 1.03446831e+02 1.83133659e+01 3.61525267e-02
    2.70183563e+02 1.46325365e-01</_>
  <_>
    4.00896378e+01 4.86675606e+01 2.05017738e+01 1.16485335e-01
    8.96097946e+01 1.79044470e-01</_>
  <_>
    3.42990532e+01 9.77508392e+01 1.88901081e+01 7.69933760e-02
    3.12992859e+02 2.24126115e-01</_>
  <_>
    2.94888344e+01 6.82211609e+01 2.00992985e+01 1.20464668e-01
    1.55018997e+02 2.82304257e-01</_>
  <_>
    3.20231552e+01 9.39884186e+01 1.92784042e+01 9.70164016e-02
    3.57440720e+01 1.97391823e-01</_>
  <_>
    4.10418015e+01 6.94645691e+01 1.98033981e+01 9.23552141e-02
    1.84201462e+02 1.49652511e-01</_>
  <_>
    4.13692474e+01 7.44825363e+01 2.01192074e+01 9.16303843e-02
    8.67075272e+01 1.33623615e-01</_>
  <_>
    2.92663860e+01 5.85925369e+01 2.01671638e+01 1.21535182e-01
    2.42981262e+02 2.19616205e-01</_>
  <_>
    2.13909225e+01 9.95951462e+01 1.86740284e+01 5.14835417e-02
    2.62356049e+02 1.35889456e-01</_>
  <_>
    4.05181885e+01 9.85562897e+01 1.93853836e+01 8.24615359e-02
    1.75539185e+02 1.21538460e-01</_>
  <_>
    3.22119980e+01 2.40113945e+01 1.88093510e+01 6.02877662e-02
    2.94345428e+02 2.07482010e-01</_>
  <_>
    2.23974094e+01 7.88993683e+01 2.01438618e+01 1.06801271e-01
    1.80902359e+02 1.39479280e-01</_>
  <_>
    3.15019283e+01 2.29238968e+01 1.90104256e+01 6.57505020e-02
    3.49659210e+02 1.54128656e-01</_>
  <_>
    4.07847862e+01 2.30713558e+01 1.87852859e+01 5.14513887e-02
    9.10948868e+01 9.69129205e-02</_>
  <_>
    4.15406837e+01 2.30209618e+01 1.85231457e+01 4.38653268e-02
    1.81327408e+02 1.54418901e-01</_></centroids>
</opencv_storage>
