<?xml version="1.0"?>
<opencv_storage>
<centroids>
  <_>
    2.06477337e+01 2.01727448e+01 1.75553513e+01 5.52587968e-04
    8.77327728e+01 5.98636977e-02</_>
  <_>
    3.02685509e+01 6.08487892e+01 1.79266052e+01 4.72829938e-02
    3.20619965e+02 -4.31192666e-01</_>
  <_>
    4.05961494e+01 7.14330750e+01 1.92573833e+01 8.16624165e-02
    1.56014221e+02 -1.99416697e-01</_>
  <_>
    4.13286247e+01 5.25032425e+01 1.91028633e+01 5.53282648e-02
    7.36779099e+01 5.84453519e-04</_>
  <_>
    3.39132957e+01 1.01991745e+02 1.90185528e+01 7.69230798e-02
    1.34099426e+01 -1.83710411e-01</_>
  <_>
    4.14455109e+01 1.02771629e+02 1.94304733e+01 4.40907925e-02
    8.89410172e+01 -2.03235075e-01</_>
  <_>
    3.16825428e+01 9.49120102e+01 1.91675301e+01 8.34411383e-02
    2.42339432e+02 -4.33376461e-01</_>
  <_>
    2.47909508e+01 4.24881592e+01 2.71516094e+01 2.68735647e-01
    9.08749695e+01 -1.83908045e-02</_>
  <_>
    2.11884899e+01 8.19232025e+01 1.90320148e+01 2.16103718e-02
    8.83488541e+01 -1.83928281e-01</_>
  <_>
    4.17264595e+01 4.87227554e+01 1.86289272e+01 6.42043501e-02
    1.35283089e+01 -4.79806699e-02</_>
  <_>
    2.18367767e+01 7.44665756e+01 1.95673332e+01 7.75907412e-02
    1.08910767e+02 -1.27301425e-01</_>
  <_>
    3.09023628e+01 3.07391968e+01 1.76289520e+01 3.74376029e-02
    2.07898697e+02 -2.74542421e-01</_>
  <_>
    2.19062099e+01 5.67991219e+01 1.86685886e+01 7.11264908e-02
    1.58735443e+02 -9.34256017e-02</_>
  <_>
    2.51263332e+01 2.79494324e+01 2.00816555e+01 1.06574766e-01
    1.38929977e+02 -2.32237548e-01</_>
  <_>
    2.23932800e+01 6.19845352e+01 1.90052414e+01 7.48783201e-02
    3.31619568e+01 -2.65443653e-01</_>
  <_>
    2.21507263e+01 2.82113419e+01 1.88321877e+01 6.14397041e-02
    1.71802048e+02 -9.94956419e-02</_>
  <_>
    2.67605972e+01 2.80817089e+01 2.58624973e+01 2.15432003e-01
    8.99522629e+01 2.39183456e-01</_>
  <_>
    3.13770676e+01 6.48996506e+01 1.72327785e+01 3.30080371e-03
    8.98666992e+01 -9.70149264e-02</_>
  <_>
    3.05003109e+01 6.37428131e+01 1.80542774e+01 6.06641099e-02
    2.32411591e+02 -4.53384399e-01</_>
  <_>
    3.03212872e+01 2.64913540e+01 1.78982868e+01 3.47965732e-02
    3.47216370e+02 -1.07066378e-01</_>
  <_>
    2.20380306e+01 6.11445236e+01 1.90997982e+01 7.37023205e-02
    8.96268654e+00 -1.08689412e-01</_>
  <_>
    4.54031754e+01 3.93249283e+01 1.69563332e+01 2.63852242e-04
    8.76596146e+01 1.12401053e-01</_>
  <_>
    3.13828468e+01 9.78492584e+01 1.96029167e+01 8.70244876e-02
    2.73973175e+02 -4.29911405e-01</_>
  <_>
    3.14801197e+01 3.37453270e+01 1.79167385e+01 4.94362526e-02
    2.94467194e+02 -3.33911538e-01</_>
  <_>
    2.14161797e+01 3.98770599e+01 2.04951591e+01 1.15283072e-01
    1.50373611e+01 -2.24405974e-01</_>
  <_>
    2.19626369e+01 4.50753784e+01 1.88088665e+01 5.56916893e-02
    7.25539551e+01 6.52706623e-02</_>
  <_>
    2.84184189e+01 9.81882553e+01 2.04202271e+01 1.09479308e-01
    6.81540604e+01 -2.65687585e-01</_>
  <_>
    3.87203712e+01 4.96853867e+01 2.68852425e+01 2.62092799e-01
    8.93626938e+01 -2.84057260e-01</_>
  <_>
    3.90970078e+01 5.90619431e+01 1.90049782e+01 8.64253417e-02
    4.68649292e+01 -1.77375570e-01</_>
  <_>
    4.16939812e+01 8.30937042e+01 1.89788704e+01 2.23123729e-02
    9.02858124e+01 -1.86612576e-01</_>
  <_>
    3.18111172e+01 7.09071960e+01 3.12492542e+01 6.22096479e-01
    8.95331192e+01 -2.04288259e-01</_>
  <_>
    2.10041389e+01 4.99226570e+01 1.83942184e+01 3.56986411e-02
    1.07679085e+02 3.06614116e-02</_>
  <_>
    2.13390980e+01 5.32811317e+01 1.81351643e+01 4.75184806e-02
    3.51055786e+02 -9.71488953e-02</_>
  <_>
    4.10786819e+01 7.86394348e+01 1.99504662e+01 9.90689024e-02
    1.77955536e+02 -6.66666701e-02</_>
  <_>
    3.19334431e+01 3.47558174e+01 1.86094418e+01 6.36623800e-02
    2.57002380e+02 -2.77539343e-01</_>
  <_>
    4.00719299e+01 7.62793198e+01 2.02902603e+01 1.08641975e-01
    6.95960693e+01 -1.57201648e-01</_>
  <_>
    3.14783554e+01 9.70010300e+01 1.94824524e+01 8.75352994e-02
    1.44075470e+02 -4.39290047e-01</_>
  <_>
    4.09285202e+01 2.35500202e+01 1.89514008e+01 5.38528897e-02
    1.21014648e+02 -1.27845883e-01</_>
  <_>
    3.08931770e+01 9.42929535e+01 1.96289158e+01 9.07630548e-02
    4.01858482e+01 -4.48192775e-01</_>
  <_>
    4.20933952e+01 2.94635506e+01 1.90081291e+01 5.65040633e-02
    1.78095581e+02 -5.85365854e-02</_>
  <_>
    1.84289837e+01 5.18501129e+01 1.81026516e+01 1.49270869e-03
    8.96761780e+01 -1.88655406e-01</_>
  <_>
    2.75910130e+01 2.48959522e+01 1.98588734e+01 7.97183141e-02
    3.59210281e+01 -1.60000011e-01</_>
  <_>
    3.41258240e+01 9.87270966e+01 1.90323353e+01 5.08982055e-02
    3.45968597e+02 -1.13772459e-01</_>
  <_>
    3.98457108e+01 2.58025780e+01 1.90415707e+01 6.15384616e-02
    7.04043198e+01 -2.65139118e-02</_>
  <_>
    1.83003864e+01 6.66092300e+01 1.88410206e+01 1.02334963e-02
    9.08183594e+01 -1.12136059e-01</_>
  <_>
    2.13566704e+01 7.94793549e+01 1.91294346e+01 7.75828511e-02
    1.69595779e+02 -9.23976675e-02</_>
  <_>
    4.02335930e+01 4.35082054e+01 2.10389729e+01 1.42578751e-01
    1.55949112e+02 -2.75738865e-01</_>
  <_>
    2.12888966e+01 6.77837601e+01 1.89152298e+01 5.31940758e-02
    6.95977859e+01 -8.57420489e-02</_>
  <_>
    1.82454853e+01 3.72484665e+01 1.70557251e+01 0. 9.07151718e+01
    1.61233261e-01</_>
  <_>
    3.11497231e+01 8.77675400e+01 3.08849697e+01 6.09440982e-01
    9.08472366e+01 -2.72546589e-01</_>
  <_>
    4.24975166e+01 5.99126434e+01 1.70997734e+01 2.66439915e-02
    3.50231018e+02 -8.27664435e-02</_>
  <_>
    3.05729446e+01 9.53172760e+01 1.91280460e+01 7.93254226e-02
    3.11633789e+02 -4.66583401e-01</_>
  <_>
    2.14378338e+01 1.02009277e+02 1.94374542e+01 4.45507206e-02
    9.17976227e+01 -2.06141457e-01</_>
  <_>
    3.15639801e+01 4.22346764e+01 4.16872330e+01 1. 8.99881973e+01
    1.13409415e-01</_>
  <_>
    3.37959137e+01 9.75945129e+01 2.02277946e+01 1.02917083e-01
    1.13806595e+02 -2.94657499e-01</_>
  <_>
    2.24274769e+01 2.37467022e+01 1.91241169e+01 6.09540641e-02
    6.06126747e+01 -1.42226145e-01</_>
  <_>
    2.81512451e+01 5.69815025e+01 2.81300297e+01 4.13099438e-01
    8.28247070e+01 -1.68651432e-01</_>
  <_>
    3.18811741e+01 1.02119942e+02 1.93034191e+01 7.77777806e-02
    1.72084702e+02 -1.22222222e-01</_>
  <_>
    4.11938133e+01 7.31389236e+01 1.88146992e+01 6.62020966e-02
    1.46721506e+01 -1.26385808e-01</_>
  <_>
    4.16337357e+01 2.11962585e+01 1.89508133e+01 1.40921408e-02
    9.10631485e+01 9.81029794e-02</_>
  <_>
    4.16621742e+01 7.20478516e+01 1.94441109e+01 5.57648875e-02
    1.06316299e+02 -9.62069854e-02</_>
  <_>
    2.97362881e+01 2.18011112e+01 1.88121338e+01 4.75146212e-02
    1.28358707e+01 -2.33918130e-02</_>
  <_>
    4.46685295e+01 5.33917465e+01 1.72164898e+01 2.69432843e-04
    9.26519623e+01 -1.48861647e-01</_>
  <_>
    3.79767418e+01 3.45527611e+01 2.65933189e+01 2.50761926e-01
    8.85956116e+01 2.56369621e-01</_>
  <_>
    3.17458611e+01 6.82259750e+01 1.95310497e+01 9.31506827e-02
    2.64385040e+02 -3.97260278e-01</_>
  <_>
    4.42698288e+01 6.71286011e+01 1.93580532e+01 1.58505514e-02
    8.80315094e+01 -1.18313052e-01</_>
  <_>
    2.33499985e+01 2.42225952e+01 1.90023460e+01 5.56673370e-02
    1.07091377e+02 -1.67672690e-02</_>
  <_>
    2.11064072e+01 5.69581833e+01 1.73973618e+01 3.06558013e-02
    1.82985489e+02 -6.01474606e-02</_>
  <_>
    3.17627335e+01 6.88763504e+01 1.91463833e+01 8.84041339e-02
    2.90199219e+02 -3.91504019e-01</_>
  <_>
    3.13478870e+01 4.50771370e+01 1.69611835e+01 1.15526805e-03
    8.91723480e+01 -7.64787421e-02</_>
  <_>
    4.17421608e+01 5.61571808e+01 1.87282772e+01 6.08017258e-02
    1.75355133e+02 -1.16491802e-01</_>
  <_>
