<?xml version="1.0"?>
<opencv_storage>
<centroids>
  <_>
    2.35291080e+01 8.44929733e+01 2.06350689e+01 1.25081867e-01
    1.78099106e+02 1.27701372e-01</_>
  <_>
    2.21880054e+01 2.26351662e+01 1.88739491e+01 5.57365827e-02
    9.28078918e+01 1.04441777e-01</_>
  <_>
    4.07763138e+01 2.55203018e+01 1.92031593e+01 6.81145117e-02
    3.51077728e+02 1.51036531e-01</_>
  <_>
    4.17958145e+01 8.01585922e+01 1.93438015e+01 7.09090903e-02
    2.75216614e+02 2.14214876e-01</_>
  <_>
    2.19401817e+01 9.77988434e+01 1.91699276e+01 7.40273446e-02
    1.14722586e+01 1.01577289e-01</_>
  <_>
    2.08549042e+01 3.10566521e+01 1.92478218e+01 7.54092634e-02
    1.04604540e+01 1.32706374e-01</_>
  <_>
    3.94909973e+01 2.63098965e+01 1.86969681e+01 6.83829412e-02
    2.31954498e+02 3.07052821e-01</_>
  <_>
    4.15219421e+01 1.03120163e+02 1.87434654e+01 5.25098294e-02
    3.50338287e+02 1.48276657e-01</_>
  <_>
    2.29293079e+01 6.71558380e+01 2.07378006e+01 1.17722005e-01
    9.00055771e+01 1.49700597e-01</_>
  <_>
    3.65545998e+01 4.86182556e+01 2.07844734e+01 1.49228543e-01
    2.10342773e+02 2.94599801e-01</_>
  <_>
    2.29026337e+01 4.16496086e+01 1.96574020e+01 9.98524278e-02
    1.61902893e+02 2.57255286e-01</_>
  <_>
    2.06462460e+01 1.04643494e+02 1.83546715e+01 3.98079641e-02
    1.78868210e+02 1.09821968e-01</_>
  <_>
    4.15151062e+01 2.41590900e+01 1.85555000e+01 4.68594208e-02
    2.64217926e+02 1.58192083e-01</_>
  <_>
    2.27471714e+01 4.80562553e+01 2.02524948e+01 1.14297591e-01
    2.85833252e+02 1.31753951e-01</_>
  <_>
    2.26360207e+01 8.44967346e+01 2.01148090e+01 9.93444249e-02
    2.63118927e+02 1.80030257e-01</_>
  <_>
    4.18917961e+01 1.02303879e+02 1.91537399e+01 5.53959757e-02
    9.57319107e+01 3.13226618e-02</_>
  <_>
    4.20454903e+01 5.58536530e+01 1.96420574e+01 7.85550401e-02
    9.00064468e+01 1.80619255e-01</_>
  <_>
    3.35574417e+01 2.38075085e+01 1.84968338e+01 4.91768681e-02
    1.45791504e+02 2.72266775e-01</_>
  <_>
    2.83366814e+01 7.35323792e+01 1.95661469e+01 1.05430387e-01
    3.06059235e+02 3.67417663e-01</_>
  <_>
    2.16356945e+01 6.96529541e+01 1.96087265e+01 8.97377953e-02
    3.49391968e+02 1.52802899e-01</_>
  <_>
    3.83553009e+01 7.74205627e+01 2.07895832e+01 1.36826783e-01
    1.10162907e+01 1.87449455e-01</_>
  <_>
    3.71479034e+01 4.57466164e+01 1.93051300e+01 9.04085785e-02
    6.33648491e+01 2.40799785e-01</_>
  <_>
    3.77672195e+01 7.09142380e+01 2.10902863e+01 1.52459905e-01
    2.54556015e+02 2.52838343e-01</_>
  <_>
    2.31841679e+01 9.98194962e+01 1.87333755e+01 6.90310299e-02
    6.12423782e+01 1.53894871e-01</_>
  <_>
    4.01159782e+01 7.88958435e+01 2.00206890e+01 1.11156188e-01
    3.50806915e+02 1.54969573e-01</_>
  <_>
    4.12366447e+01 4.85009155e+01 1.95109749e+01 7.73599371e-02
    1.82338150e+02 1.35840371e-01</_>
  <_>
    4.05364304e+01 2.62990303e+01 1.91134434e+01 6.92369789e-02
    2.89690735e+02 2.01857075e-01</_>
  <_>
    2.33923512e+01 8.69133835e+01 2.14527874e+01 1.40076473e-01
    8.84456329e+01 5.75831309e-02</_>
  <_>
    4.04229584e+01 1.00224442e+02 1.87467442e+01 5.81283160e-02
    2.55317810e+02 1.40376270e-01</_>
  <_>
    2.27416954e+01 5.29165230e+01 1.94048309e+01 9.68579575e-02
    2.37563065e+02 2.36561939e-01</_>
  <_>
    2.30745583e+01 1.01333755e+02 1.89993343e+01 6.31369054e-02
    1.06228752e+02 3.81036773e-02</_>
  <_>
    3.98510361e+01 4.95465660e+01 1.96953220e+01 9.96929705e-02
    1.02234030e+01 2.54108727e-01</_>
  <_>
    2.83276157e+01 2.54071064e+01 1.84853191e+01 5.68085089e-02
    3.69526711e+01 2.62127668e-01</_>
  <_>
    2.76489525e+01 2.22407036e+01 1.84826870e+01 4.91958372e-02
    6.46543961e+01 1.72753066e-01</_>
  <_>
    2.21384144e+01 1.06084953e+02 1.87307835e+01 3.46255824e-02
    8.61881104e+01 2.71703135e-02</_>
  <_>
    4.09758186e+01 1.04191856e+02 1.88403435e+01 5.23462333e-02
    2.74490509e+02 1.53112724e-01</_>
  <_>
    2.46404896e+01 4.52406425e+01 2.05168686e+01 1.37158334e-01
    3.26517670e+02 2.98202425e-01</_>
  <_>
    2.24245930e+01 4.54859390e+01 2.01749516e+01 1.05548531e-01
    8.39999313e+01 1.55973256e-01</_>
  <_>
    3.10257950e+01 1.01123489e+02 1.88248844e+01 7.62928799e-02
    2.96101105e+02 1.63338453e-01</_>
  <_>
    3.08074913e+01 7.54502335e+01 2.05319443e+01 1.27776697e-01
    1.11986847e+02 1.93237677e-01</_>
  <_>
    2.09201241e+01 1.04573364e+02 1.83135910e+01 3.72650139e-02
    2.69090424e+02 1.37913823e-01</_>
  <_>
    3.40568886e+01 9.29212189e+01 1.95492916e+01 1.04518481e-01
    3.61101036e+01 1.99908718e-01</_>
  <_>
    3.26774216e+01 1.00822639e+02 1.94749203e+01 9.07936543e-02
    1.57846466e+02 1.07724868e-01</_>
  <_>
    3.89177322e+01 2.47306347e+01 1.91212254e+01 7.15280995e-02
    1.97910828e+02 2.19228983e-01</_>
  <_>
    4.03084602e+01 4.64958534e+01 2.01747208e+01 1.10373259e-01
    2.52008652e+02 1.18845895e-01</_>
  <_>
    2.33382149e+01 6.83753967e+01 1.97672558e+01 1.03853695e-01
    1.98882492e+02 2.26213813e-01</_>
  <_>
    4.14208794e+01 5.14061089e+01 1.96411877e+01 8.53658542e-02
    3.49919220e+02 2.13328749e-01</_>
  <_>
    4.24270706e+01 5.20522652e+01 1.83858547e+01 5.65770827e-02
    1.59163040e+02 1.65487975e-01</_>
  <_>
    2.25413151e+01 4.22941170e+01 2.03883343e+01 1.16990700e-01
    1.87826263e+02 2.40236685e-01</_>
  <_>
    2.15391903e+01 2.24552746e+01 1.83641491e+01 3.94588523e-02
    3.46810669e+02 1.69334844e-01</_>
  <_>
    2.24501266e+01 9.92666550e+01 1.91734428e+01 8.40863436e-02
    3.50355682e+02 1.44578308e-01</_>
  <_>
    2.27395420e+01 6.16037102e+01 2.03148785e+01 1.16043888e-01
    1.75937897e+02 2.19746321e-01</_>
  <_>
    4.01600342e+01 2.39478416e+01 1.87526112e+01 5.38936369e-02
    1.09176292e+01 1.83760673e-01</_>
  <_>
    2.46904659e+01 7.31524429e+01 2.15912247e+01 1.68007314e-01
    2.80720306e+02 2.47166365e-01</_>
  <_>
    2.83066978e+01 9.88500748e+01 1.93114548e+01 9.12845060e-02
    2.03354492e+02 1.76700726e-01</_>
  <_>
    4.07783508e+01 1.02692551e+02 1.90023098e+01 6.27755597e-02
    9.70178318e+00 8.12513158e-02</_>
  <_>
    3.07762718e+01 5.31370964e+01 1.90762405e+01 8.92708600e-02
    1.31271957e+02 3.36290538e-01</_>
  <_>
    2.19809723e+01 2.26689224e+01 1.83355637e+01 3.77878398e-02
    2.76172943e+02 1.82050779e-01</_>
  <_>
    4.18811569e+01 7.91963501e+01 1.97982140e+01 7.30147213e-02
    8.95311050e+01 9.14796069e-02</_>
  <_>
    3.46434402e+01 7.34492035e+01 2.00105133e+01 1.16510369e-01
    2.23520264e+02 3.29923272e-01</_>
  <_>
    4.15323372e+01 5.54191971e+01 1.92694759e+01 7.02672154e-02
    2.73115448e+02 8.07295367e-02</_>
  <_>
    2.77532310e+01 4.63129959e+01 2.14343910e+01 1.57043889e-01
    1.05016525e+02 2.11001471e-01</_>
  <_>
    3.56170502e+01 2.36258812e+01 1.84233341e+01 5.00000007e-02
    1.18074661e+02 2.30000004e-01</_>
  <_>
    2.12918797e+01 2.87133389e+01 1.87191486e+01 6.13266565e-02
    2.15336487e+02 2.46057555e-01</_>
  <_>
    2.40016251e+01 2.53781261e+01 1.88612728e+01 6.48404136e-02
    3.07849304e+02 2.97813535e-01</_>
  <_>
    4.20299835e+01 7.43815002e+01 1.93068142e+01 7.71639049e-02
    1.82326340e+02 1.54696137e-01</_>
  <_>
    3.82644577e+01 6.55173111e+01 1.99187164e+01 1.18053637e-01
    3.28298706e+02 2.49654412e-01</_>
  <_>
    3.45062294e+01 9.82242889e+01 1.91353111e+01 8.87240320e-02
    3.24886353e+02 2.07121655e-01</_>
  <_>
    2.29079208e+01 4.44584465e+01 2.02275429e+01 1.11442409e-01
    3.52185211e+02 1.81885943e-01</_>
  <_>
    4.13251495e+01 2.55333786e+01 1.91616402e+01 6.76041991e-02
    1.73541870e+02 1.06743477e-01</_>
  <_>
    2.08568249e+01 6.03421783e+01 1.90111046e+01 6.96712434e-02
    9.83055878e+00 1.73089489e-01</_>
  <_>
