<?xml version="1.0"?>
<opencv_storage>
<centroids>
  <_>
    3.29586105e+01 3.38734093e+01 1.87199535e+01 6.46263584e-02
    1.38321381e+02 2.77670473e-01</_>
  <_>
    3.16093330e+01 9.78623581e+01 1.90855923e+01 6.87892959e-02
    2.73421417e+02 1.61807418e-01</_>
  <_>
    3.06860561e+01 3.90508919e+01 1.92569771e+01 7.99759775e-02
    1.28479586e+01 1.95527628e-01</_>
  <_>
    3.24373856e+01 6.16419945e+01 1.99016514e+01 1.03551634e-01
    3.44373779e+02 2.02918217e-01</_>
  <_>
    3.16066113e+01 6.71431656e+01 2.04561977e+01 1.08069025e-01
    8.85016022e+01 1.60720453e-01</_>
  <_>
    3.13812084e+01 2.92630615e+01 1.93252773e+01 7.47231022e-02
    2.64853760e+02 1.66060135e-01</_>
  <_>
    3.21003838e+01 2.97710171e+01 1.92576027e+01 7.33940974e-02
    1.80593582e+02 1.72114626e-01</_>
  <_>
    3.16935539e+01 2.96621342e+01 1.95018291e+01 8.06479678e-02
    9.33407288e+01 1.23410560e-01</_>
  <_>
    2.95362148e+01 9.68003235e+01 1.93959522e+01 8.26250166e-02
    1.77783325e+02 1.28532588e-01</_>
  <_>
    3.34037361e+01 9.64113998e+01 1.92078285e+01 8.20275322e-02
    3.42657806e+02 1.66402340e-01</_>
  <_>
    3.15544643e+01 9.85350571e+01 1.95760212e+01 7.54788965e-02
    8.58141174e+01 4.96641174e-02</_>
  <_>
    3.28788452e+01 8.91716232e+01 1.95915432e+01 9.48587731e-02
    1.76666737e+01 1.58715129e-01</_>
  <_>
    3.07910118e+01 6.19787636e+01 1.99090233e+01 1.01441756e-01
    1.79843369e+02 1.88386127e-01</_>
  <_>
    3.07910900e+01 8.79258728e+01 1.91481209e+01 8.93823653e-02
    1.29891724e+02 2.07736388e-01</_>
  <_>
    3.16474590e+01 2.97553234e+01 1.92686405e+01 7.45087489e-02
    3.45138947e+02 1.91063255e-01</_>
  <_>
    3.03820839e+01 8.65105896e+01 1.92815971e+01 8.98437500e-02
    2.26224396e+02 2.44618058e-01</_>
  <_>
    3.00590343e+01 3.33191223e+01 1.86164188e+01 6.11357167e-02
    5.52158623e+01 2.42802903e-01</_>
  <_>
    3.06496773e+01 3.69255142e+01 1.93794270e+01 9.32414010e-02
    2.21882706e+02 2.78295457e-01</_>
  <_>
    3.14689789e+01 6.41248016e+01 2.01946201e+01 1.09856479e-01
    2.68692871e+02 1.54870093e-01</_>
  <_>
    3.20538292e+01 3.86860275e+01 1.95467014e+01 9.20369402e-02
    3.02207977e+02 2.64141649e-01</_></centroids>
</opencv_storage>
