<?xml version="1.0"?>
<opencv_storage>
<format>3</format>
<is_classifier>1</is_classifier>
<var_all>91</var_all>
<var_count>90</var_count>
<ord_var_count>90</ord_var_count>
<cat_var_count>1</cat_var_count>
<training_params>
  <boosting_type>RealAdaboost</boosting_type>
  <use_surrogates>0</use_surrogates>
  <max_categories>10</max_categories>
  <regression_accuracy>9.9999997764825821e-03</regression_accuracy>
  <max_depth>1</max_depth>
  <min_sample_count>10</min_sample_count>
  <cross_validation_folds>0</cross_validation_folds>
  <priors type_id="opencv-matrix">
    <rows>2</rows>
    <cols>1</cols>
    <dt>d</dt>
    <data>
      7.4358142083200156e+12 7.8125019258550310e-03</data></priors>
  <weight_trimming_rate>9.4999999999999996e-01</weight_trimming_rate></training_params>
<global_var_idx>1</global_var_idx>
<var_idx>
  0 1 2 3 4 5 6 7 8 9 10 11 12 13 14 15 16 17 18 19 20 21 22 23 24 25 26
  27 28 29 30 31 32 33 34 35 36 37 38 39 40 41 42 43 44 45 46 47 48 49
  50 51 52 53 54 55 56 57 58 59 60 61 62 63 64 65 66 67 68 69 70 71 72
  73 74 75 76 77 78 79 80 81 82 83 84 85 86 87 88 89</var_idx>
<var_type>
  0 0 0 0 0 0 0 0 0 0 0 0 0 0 0 0 0 0 0 0 0 0 0 0 0 0 0 0 0 0 0 0 0 0 0
  0 0 0 0 0 0 0 0 0 0 0 0 0 0 0 0 0 0 0 0 0 0 0 0 0 0 0 0 0 0 0 0 0 0 0
  0 0 0 0 0 0 0 0 0 0 0 0 0 0 0 0 0 0 0 0 1</var_type>
<cat_ofs>
  0 0 0 0 0 0 0 0 0 0 0 0 0 0 0 0 0 0 0 0 0 0 0 0 0 0 0 0 0 0 0 0 0 0 0
  0 0 0 0 0 0 0 0 0 0 0 0 0 0 0 0 0 0 0 0 0 0 0 0 0 0 0 0 0 0 0 0 0 0 0
  0 0 0 0 0 0 0 0 0 0 0 0 0 0 0 0 0 0 0 0 0 0 0 0 0 0 0 0 0 0 0 0 0 0 0
  0 0 0 0 0 0 0 0 0 0 0 0 0 0 0 0 0 0 0 0 0 0 0 0 0 0 0 0 0 0 0 0 0 0 0
  0 0 0 0 0 0 0 0 0 0 0 0 0 0 0 0 0 0 0 0 0 0 0 0 0 0 0 0 0 0 0 0 0 0 0
  0 0 0 0 0</cat_ofs>
<class_labels>
  -1 1</class_labels>
<missing_subst>
  0. 0. 0. 0. 0. 0. 0. 0. 0. 0. 0. 0. 0. 0. 0. 0. 0. 0. 0. 0. 0. 0. 0.
  0. 0. 0. 0. 0. 0. 0. 0. 0. 0. 0. 0. 0. 0. 0. 0. 0. 0. 0. 0. 0. 0. 0.
  0. 0. 0. 0. 0. 0. 0. 0. 0. 0. 0. 0. 0. 0. 0. 0. 0. 0. 0. 0. 0. 0. 0.
  0. 0. 0. 0. 0. 0. 0. 0. 0. 0. 0. 0. 0. 0. 0. 0. 0. 0. 0. 0. 0. 0.</missing_subst>
<ntrees>500</ntrees>
<trees>
  <_>
    <nodes>
      <_>
        <depth>0</depth>
        <value>-1.2309272033985075e+00</value>
        <splits>
          <_><var>38</var>
            <quality>7.2945141792297363e-01</quality>
            <le>-7.5196552276611328e-01</le></_></splits></_>
      <_>
        <depth>1</depth>
        <value>-9.0227530304095793e-01</value></_>
      <_>
        <depth>1</depth>
        <value>-2.9726077710787040e+00</value></_></nodes></_>
  <_>
    <nodes>
      <_>
        <depth>0</depth>
        <value>2.7207329093284151e-08</value>
        <splits>
          <_><var>82</var>
            <quality>5.2735920995473862e-02</quality>
            <le>4.8009614944458008e+00</le></_></splits></_>
      <_>
        <depth>1</depth>
        <value>-1.7249484621112871e-01</value></_>
      <_>
        <depth>1</depth>
        <value>3.1916401580423787e-01</value></_></nodes></_>
  <_>
    <nodes>
      <_>
        <depth>0</depth>
        <value>5.1883215035955110e-02</value>
        <splits>
          <_><var>38</var>
            <quality>5.7839423418045044e-02</quality>
            <le>-8.1757712364196777e-01</le></_></splits></_>
      <_>
        <depth>1</depth>
        <value>-9.4932890662849118e-03</value></_>
      <_>
        <depth>1</depth>
        <value>5.7564577324623896e+00</value></_></nodes></_>
  <_>
    <nodes>
      <_>
        <depth>0</depth>
        <value>-2.0024324182245663e+00</value>
        <splits>
          <_><var>38</var>
            <quality>9.6303719282150269e-01</quality>
            <le>-8.2878172397613525e-01</le></_></splits></_>
      <_>
        <depth>1</depth>
        <value>5.7564577324623896e+00</value></_>
      <_>
        <depth>1</depth>
        <value>-5.7564577324601141e+00</value></_></nodes></_>
  <_>
    <nodes>
      <_>
        <depth>0</depth>
        <value>-5.7564577324601141e+00</value></_></nodes></_>
  <_>
    <nodes>
      <_>
        <depth>0</depth>
        <value>5.7564577324623896e+00</value></_></nodes></_>
  <_>
    <nodes>
      <_>
        <depth>0</depth>
        <value>-5.7564577324601141e+00</value></_></nodes></_>
  <_>
    <nodes>
      <_>
        <depth>0</depth>
        <value>5.7564577324623896e+00</value></_></nodes></_>
  <_>
    <nodes>
      <_>
        <depth>0</depth>
        <value>-5.7564577324601141e+00</value></_></nodes></_>
  <_>
    <nodes>
      <_>
        <depth>0</depth>
        <value>5.7564577324623896e+00</value></_></nodes></_>
  <_>
    <nodes>
      <_>
        <depth>0</depth>
        <value>-5.7564577324601141e+00</value></_></nodes></_>
  <_>
    <nodes>
      <_>
        <depth>0</depth>
        <value>5.7564577324623896e+00</value></_></nodes></_>
  <_>
    <nodes>
      <_>
        <depth>0</depth>
        <value>-5.7564577324601141e+00</value></_></nodes></_>
  <_>
    <nodes>
      <_>
        <depth>0</depth>
        <value>5.7564577324623896e+00</value></_></nodes></_>
  <_>
    <nodes>
      <_>
        <depth>0</depth>
        <value>-5.7564577324601141e+00</value></_></nodes></_>
  <_>
    <nodes>
      <_>
        <depth>0</depth>
        <value>5.7564577324623896e+00</value></_></nodes></_>
  <_>
    <nodes>
      <_>
        <depth>0</depth>
        <value>-5.7564577324601141e+00</value></_></nodes></_>
  <_>
    <nodes>
      <_>
        <depth>0</depth>
        <value>5.7564577324623896e+00</value></_></nodes></_>
  <_>
    <nodes>
      <_>
        <depth>0</depth>
        <value>-5.7564577324601141e+00</value></_></nodes></_>
  <_>
    <nodes>
      <_>
        <depth>0</depth>
        <value>5.7564577324623896e+00</value></_></nodes></_>
  <_>
    <nodes>
      <_>
        <depth>0</depth>
        <value>-5.7564577324601141e+00</value></_></nodes></_>
  <_>
    <nodes>
      <_>
        <depth>0</depth>
        <value>5.7564577324623896e+00</value></_></nodes></_>
  <_>
    <nodes>
      <_>
        <depth>0</depth>
        <value>-5.7564577324601141e+00</value></_></nodes></_>
  <_>
    <nodes>
      <_>
        <depth>0</depth>
        <value>5.7564577324623896e+00</value></_></nodes></_>
  <_>
    <nodes>
      <_>
        <depth>0</depth>
        <value>-5.7564577324601141e+00</value></_></nodes></_>
  <_>
    <nodes>
      <_>
        <depth>0</depth>
        <value>5.7564577324623896e+00</value></_></nodes></_>
  <_>
    <nodes>
      <_>
        <depth>0</depth>
        <value>-5.7564577324601141e+00</value></_></nodes></_>
  <_>
    <nodes>
      <_>
        <depth>0</depth>
        <value>5.7564577324623896e+00</value></_></nodes></_>
  <_>
    <nodes>
      <_>
        <depth>0</depth>
        <value>-5.7564577324601141e+00</value></_></nodes></_>
  <_>
    <nodes>
      <_>
        <depth>0</depth>
        <value>5.7564577324623896e+00</value></_></nodes></_>
  <_>
    <nodes>
      <_>
        <depth>0</depth>
        <value>-5.7564577324601141e+00</value></_></nodes></_>
  <_>
    <nodes>
      <_>
        <depth>0</depth>
        <value>5.7564577324623896e+00</value></_></nodes></_>
  <_>
    <nodes>
      <_>
        <depth>0</depth>
        <value>-5.7564577324601141e+00</value></_></nodes></_>
  <_>
    <nodes>
      <_>
        <depth>0</depth>
        <value>5.7564577324623896e+00</value></_></nodes></_>
  <_>
    <nodes>
      <_>
        <depth>0</depth>
        <value>-5.7564577324601141e+00</value></_></nodes></_>
  <_>
    <nodes>
      <_>
        <depth>0</depth>
        <value>5.7564577324623896e+00</value></_></nodes></_>
  <_>
    <nodes>
      <_>
        <depth>0</depth>
        <value>-5.7564577324601141e+00</value></_></nodes></_>
  <_>
    <nodes>
      <_>
