<?xml version="1.0"?>
<opencv_storage>
<format>3</format>
<is_classifier>1</is_classifier>
<var_all>27</var_all>
<var_count>26</var_count>
<ord_var_count>26</ord_var_count>
<cat_var_count>1</cat_var_count>
<training_params>
  <boosting_type>RealAdaboost</boosting_type>
  <use_surrogates>0</use_surrogates>
  <max_categories>10</max_categories>
  <regression_accuracy>9.9999997764825821e-03</regression_accuracy>
  <max_depth>1</max_depth>
  <min_sample_count>10</min_sample_count>
  <cross_validation_folds>0</cross_validation_folds>
  <priors type_id="opencv-matrix">
    <rows>2</rows>
    <cols>1</cols>
    <dt>d</dt>
    <data>
      1.5240000000000127e+03 436.</data></priors>
  <weight_trimming_rate>9.4999999999999996e-01</weight_trimming_rate></training_params>
<global_var_idx>1</global_var_idx>
<var_idx>
  0 1 2 3 4 5 6 7 8 9 10 11 12 13 14 15 16 17 18 19 20 21 22 23 24 25</var_idx>
<var_type>
  0 0 0 0 0 0 0 0 0 0 0 0 0 0 0 0 0 0 0 0 0 0 0 0 0 0 1</var_type>
<cat_ofs>
  0 0 0 0 0 0 0 0 0 0 0 0 0 0 0 0 0 0 0 0 0 0 0 0 0 0 0 0 0 0 0 0 0 0 0
  0 0 0 0 0 0 0 0 0 0 0 0 0 0 0 0 0</cat_ofs>
<class_labels>
  -1 1</class_labels>
<missing_subst>
  0. 0. 0. 0. 0. 0. 0. 0. 0. 0. 0. 0. 0. 0. 0. 0. 0. 0. 0. 0. 0. 0. 0.
  0. 0. 0. 0.</missing_subst>
<ntrees>500</ntrees>
<trees>
  <_>
    <nodes>
      <_>
        <depth>0</depth>
        <value>-1.2514514928975378e+00</value>
        <splits>
          <_><var>0</var>
            <quality>7.5333178043365479e-01</quality>
            <le>-2.8189219301566482e-04</le></_></splits></_>
      <_>
        <depth>1</depth>
        <value>-7.1367107968061894e-01</value></_>
      <_>
        <depth>1</depth>
        <value>-2.5955448326792974e+00</value></_></nodes></_>
  <_>
    <nodes>
      <_>
        <depth>0</depth>
        <value>2.2630495204312807e-09</value>
        <splits>
          <_><var>16</var>
            <quality>1.8341535329818726e-01</quality>
            <le>-7.0096628041937947e-04</le></_></splits></_>
      <_>
        <depth>1</depth>
        <value>-5.5967986994593477e-01</value></_>
      <_>
        <depth>1</depth>
        <value>3.7830990600425890e-01</value></_></nodes></_>
  <_>
    <nodes>
      <_>
        <depth>0</depth>
        <value>3.3595133488240510e-02</value>
        <splits>
          <_><var>0</var>
            <quality>9.8092935979366302e-02</quality>
            <le>-6.8440873292274773e-05</le></_></splits></_>
      <_>
        <depth>1</depth>
        <value>1.3133423695735985e-01</value></_>
      <_>
        <depth>1</depth>
        <value>-5.7564577324601141e+00</value></_></nodes></_>
  <_>
    <nodes>
      <_>
        <depth>0</depth>
        <value>3.7695036054328321e-02</value>
        <splits>
          <_><var>0</var>
            <quality>9.5415502786636353e-02</quality>
            <le>-2.8270774055272341e-04</le></_></splits></_>
      <_>
        <depth>1</depth>
        <value>-6.4457760706528616e-02</value></_>
      <_>
        <depth>1</depth>
        <value>5.7564577324623896e+00</value></_></nodes></_>
  <_>
    <nodes>
      <_>
        <depth>0</depth>
        <value>-2.0794305130457817e+00</value>
        <splits>
          <_><var>0</var>
            <quality>9.3186366558074951e-01</quality>
            <le>-2.8975112945772707e-04</le></_></splits></_>
      <_>
        <depth>1</depth>
        <value>2.0593072484337657e-02</value></_>
      <_>
        <depth>1</depth>
        <value>-4.0846880462343540e+00</value></_></nodes></_>
  <_>
    <nodes>
      <_>
        <depth>0</depth>
        <value>3.4152891390689455e-01</value>
        <splits>
          <_><var>0</var>
            <quality>2.8506666421890259e-01</quality>
            <le>-2.8270774055272341e-04</le></_></splits></_>
      <_>
        <depth>1</depth>
        <value>5.2974392095487355e-01</value></_>
      <_>
        <depth>1</depth>
        <value>-1.2123346863111866e+00</value></_></nodes></_>
  <_>
    <nodes>
      <_>
        <depth>0</depth>
        <value>4.0827720913230066e-02</value>
        <splits>
          <_><var>0</var>
            <quality>4.7796082496643066e-01</quality>
            <le>-2.9004766838625073e-04</le></_></splits></_>
      <_>
        <depth>1</depth>
        <value>-5.2242490101425665e-01</value></_>
      <_>
        <depth>1</depth>
        <value>5.7564577324623896e+00</value></_></nodes></_>
  <_>
    <nodes>
      <_>
        <depth>0</depth>
        <value>-5.7564577324601141e+00</value></_></nodes></_>
  <_>
    <nodes>
      <_>
        <depth>0</depth>
        <value>5.7564577324623896e+00</value></_></nodes></_>
  <_>
    <nodes>
      <_>
        <depth>0</depth>
        <value>-5.7564577324601141e+00</value></_></nodes></_>
  <_>
    <nodes>
      <_>
        <depth>0</depth>
        <value>5.7564577324623896e+00</value></_></nodes></_>
  <_>
    <nodes>
      <_>
        <depth>0</depth>
        <value>-5.7564577324601141e+00</value></_></nodes></_>
  <_>
    <nodes>
      <_>
        <depth>0</depth>
        <value>5.7564577324623896e+00</value></_></nodes></_>
  <_>
    <nodes>
      <_>
        <depth>0</depth>
        <value>-5.7564577324601141e+00</value></_></nodes></_>
  <_>
    <nodes>
      <_>
        <depth>0</depth>
        <value>5.7564577324623896e+00</value></_></nodes></_>
  <_>
    <nodes>
      <_>
        <depth>0</depth>
        <value>-5.7564577324601141e+00</value></_></nodes></_>
  <_>
    <nodes>
      <_>
        <depth>0</depth>
        <value>5.7564577324623896e+00</value></_></nodes></_>
  <_>
    <nodes>
      <_>
        <depth>0</depth>
        <value>-5.7564577324601141e+00</value></_></nodes></_>
  <_>
    <nodes>
      <_>
        <depth>0</depth>
        <value>5.7564577324623896e+00</value></_></nodes></_>
  <_>
    <nodes>
      <_>
        <depth>0</depth>
        <value>-5.7564577324601141e+00</value></_></nodes></_>
  <_>
    <nodes>
      <_>
        <depth>0</depth>
        <value>5.7564577324623896e+00</value></_></nodes></_>
  <_>
    <nodes>
      <_>
        <depth>0</depth>
        <value>-5.7564577324601141e+00</value></_></nodes></_>
  <_>
    <nodes>
      <_>
        <depth>0</depth>
        <value>5.7564577324623896e+00</value></_></nodes></_>
  <_>
    <nodes>
      <_>
        <depth>0</depth>
        <value>-5.7564577324601141e+00</value></_></nodes></_>
  <_>
    <nodes>
      <_>
        <depth>0</depth>
        <value>5.7564577324623896e+00</value></_></nodes></_>
  <_>
    <nodes>
      <_>
        <depth>0</depth>
        <value>-5.7564577324601141e+00</value></_></nodes></_>
  <_>
    <nodes>
      <_>
        <depth>0</depth>
        <value>5.7564577324623896e+00</value></_></nodes></_>
  <_>
    <nodes>
      <_>
        <depth>0</depth>
        <value>-5.7564577324601141e+00</value></_></nodes></_>
  <_>
    <nodes>
      <_>
        <depth>0</depth>
        <value>5.7564577324623896e+00</value></_></nodes></_>
  <_>
    <nodes>
      <_>
        <depth>0</depth>
        <value>-5.7564577324601141e+00</value></_></nodes></_>
  <_>
    <nodes>
      <_>
        <depth>0</depth>
        <value>5.7564577324623896e+00</value></_></nodes></_>
  <_>
    <nodes>
      <_>
        <depth>0</depth>
        <value>-5.7564577324601141e+00</value></_></nodes></_>
  <_>
    <nodes>
      <_>
        <depth>0</depth>
        <value>5.7564577324623896e+00</value></_></nodes></_>
  <_>
    <nodes>
      <_>
        <depth>0</depth>
        <value>-5.7564577324601141e+00</value></_></nodes></_>
  <_>
    <nodes>
      <_>
        <depth>0</depth>
        <value>5.7564577324623896e+00</value></_></nodes></_>
  <_>
    <nodes>
      <_>
        <depth>0</depth>
